     ELL          D_ELL            ERR
       I              E              E
               muKcmb^2       muKcmb^2
      30   5.000000E-03   8.300000E-02
      31  -1.430000E-01   8.200000E-02
      32   2.930000E-01   8.200000E-02
      33  -2.400000E-02   8.200000E-02
      34  -1.500000E-02   8.200000E-02
      35  -4.700000E-02   8.300000E-02
      36  -1.700000E-01   8.300000E-02
      37   3.400000E-02   8.400000E-02
      38   2.070000E-01   8.400000E-02
      39   1.350000E-01   8.500000E-02
      40   3.400000E-02   8.600000E-02
      41   1.500000E-01   8.700000E-02
      42   1.000000E-03   8.800000E-02
      43   6.200000E-02   8.900000E-02
      44  -6.900000E-02   9.000000E-02
      45   1.120000E-01   9.100000E-02
      46   9.000000E-02   9.300000E-02
      47  -1.300000E-02   9.400000E-02
      48   2.360000E-01   9.600000E-02
      49   1.650000E-01   9.700000E-02
      50   6.900000E-02   9.900000E-02
      51   3.320000E-01   1.010000E-01
      52   2.300000E-01   1.020000E-01
      53   3.200000E-02   1.040000E-01
      54   1.390000E-01   1.060000E-01
      55   2.480000E-01   1.080000E-01
      56  -1.700000E-02   1.100000E-01
      57   1.510000E-01   1.120000E-01
      58   2.710000E-01   1.140000E-01
      59   3.220000E-01   1.160000E-01
      60   1.460000E-01   1.180000E-01
      61   3.730000E-01   1.210000E-01
      62   4.280000E-01   1.230000E-01
      63   3.140000E-01   1.250000E-01
      64   1.860000E-01   1.280000E-01
      65   3.330000E-01   1.300000E-01
      66   5.550000E-01   1.320000E-01
      67   5.320000E-01   1.350000E-01
      68   2.410000E-01   1.370000E-01
      69   6.000000E-03   1.400000E-01
      70   3.050000E-01   1.420000E-01
      71   5.020000E-01   1.450000E-01
      72   2.140000E-01   1.480000E-01
      73   4.540000E-01   1.500000E-01
      74   4.610000E-01   1.530000E-01
      75   2.000000E-01   1.560000E-01
      76   4.560000E-01   1.580000E-01
      77   3.630000E-01   1.610000E-01
      78   6.810000E-01   1.640000E-01
      79   2.650000E-01   1.670000E-01
      80   3.800000E-01   1.690000E-01
      81   4.700000E-01   1.720000E-01
      82   7.040000E-01   1.750000E-01
      83   6.170000E-01   1.780000E-01
      84   5.610000E-01   1.810000E-01
      85   3.290000E-01   1.830000E-01
      86   6.440000E-01   1.860000E-01
      87   5.710000E-01   1.890000E-01
      88   4.440000E-01   1.920000E-01
      89   6.950000E-01   1.950000E-01
      90   7.800000E-01   1.970000E-01
      91   4.740000E-01   2.000000E-01
      92   4.680000E-01   2.030000E-01
      93   1.119000E+00   2.060000E-01
      94   9.310000E-01   2.090000E-01
      95   7.120000E-01   2.110000E-01
      96   6.810000E-01   2.140000E-01
      97   3.510000E-01   2.170000E-01
      98   8.530000E-01   2.200000E-01
      99   3.120000E-01   2.220000E-01
     100   6.290000E-01   2.250000E-01
     101   1.093000E+00   2.280000E-01
     102   9.260000E-01   2.300000E-01
     103   7.420000E-01   2.330000E-01
     104   9.100000E-01   2.350000E-01
     105   1.234000E+00   2.380000E-01
     106   5.160000E-01   2.400000E-01
     107   7.140000E-01   2.430000E-01
     108   1.194000E+00   2.450000E-01
     109   1.407000E+00   2.480000E-01
     110   5.350000E-01   2.500000E-01
     111   7.770000E-01   2.520000E-01
     112   1.267000E+00   2.550000E-01
     113   9.030000E-01   2.570000E-01
     114   6.600000E-01   2.590000E-01
     115   6.250000E-01   2.610000E-01
     116   1.189000E+00   2.630000E-01
     117   1.264000E+00   2.660000E-01
     118   8.370000E-01   2.680000E-01
     119   1.430000E+00   2.700000E-01
     120   1.194000E+00   2.720000E-01
     121   1.250000E+00   2.740000E-01
     122   9.260000E-01   2.750000E-01
     123   9.910000E-01   2.770000E-01
     124   1.096000E+00   2.790000E-01
     125   1.147000E+00   2.810000E-01
     126   9.690000E-01   2.830000E-01
     127   1.210000E+00   2.840000E-01
     128   1.338000E+00   2.860000E-01
     129   1.304000E+00   2.880000E-01
     130   7.230000E-01   2.890000E-01
     131   6.200000E-01   2.910000E-01
     132   7.920000E-01   2.920000E-01
     133   9.470000E-01   2.930000E-01
     134   1.512000E+00   2.950000E-01
     135   1.374000E+00   2.960000E-01
     136   1.635000E+00   2.970000E-01
     137   1.241000E+00   2.990000E-01
     138   1.049000E+00   3.000000E-01
     139   1.095000E+00   3.010000E-01
     140   7.160000E-01   3.020000E-01
     141   5.040000E-01   3.030000E-01
     142   1.280000E+00   3.040000E-01
     143   1.450000E+00   3.050000E-01
     144   1.014000E+00   3.060000E-01
     145   9.540000E-01   3.070000E-01
     146   1.321000E+00   3.080000E-01
     147   9.890000E-01   3.090000E-01
     148   9.730000E-01   3.100000E-01
     149   8.080000E-01   3.110000E-01
     150   7.730000E-01   3.110000E-01
     151   1.570000E+00   3.120000E-01
     152   1.160000E+00   3.130000E-01
     153   1.008000E+00   3.140000E-01
     154   6.750000E-01   3.140000E-01
     155   9.140000E-01   3.150000E-01
     156   7.890000E-01   3.150000E-01
     157   1.489000E+00   3.160000E-01
     158   2.092000E+00   3.170000E-01
     159   1.526000E+00   3.170000E-01
     160   6.520000E-01   3.180000E-01
     161   8.040000E-01   3.180000E-01
     162   9.310000E-01   3.190000E-01
     163   9.670000E-01   3.200000E-01
     164   9.610000E-01   3.200000E-01
     165   5.730000E-01   3.210000E-01
     166   6.910000E-01   3.210000E-01
     167   1.381000E+00   3.220000E-01
     168   5.320000E-01   3.220000E-01
     169   9.500000E-01   3.230000E-01
     170   1.085000E+00   3.230000E-01
     171   6.450000E-01   3.240000E-01
     172   9.220000E-01   3.240000E-01
     173   1.485000E+00   3.250000E-01
     174   3.360000E-01   3.260000E-01
     175   7.330000E-01   3.260000E-01
     176   7.280000E-01   3.270000E-01
     177   7.200000E-01   3.280000E-01
     178   1.689000E+00   3.280000E-01
     179   1.173000E+00   3.290000E-01
     180   9.000000E-01   3.300000E-01
     181   7.380000E-01   3.300000E-01
     182   9.360000E-01   3.310000E-01
     183   8.850000E-01   3.320000E-01
     184   1.436000E+00   3.330000E-01
     185  -6.900000E-02   3.340000E-01
     186   6.960000E-01   3.350000E-01
     187   9.970000E-01   3.360000E-01
     188   7.350000E-01   3.370000E-01
     189   1.275000E+00   3.380000E-01
     190   6.100000E-01   3.390000E-01
     191   9.940000E-01   3.400000E-01
     192   7.710000E-01   3.420000E-01
     193   6.970000E-01   3.430000E-01
     194   2.720000E-01   3.440000E-01
     195   1.200000E+00   3.460000E-01
     196   6.290000E-01   3.470000E-01
     197   9.600000E-01   3.490000E-01
     198   7.750000E-01   3.510000E-01
     199   6.080000E-01   3.530000E-01
     200   7.760000E-01   3.540000E-01
     201   8.330000E-01   3.560000E-01
     202   3.800000E-02   3.580000E-01
     203   9.860000E-01   3.600000E-01
     204   7.190000E-01   3.620000E-01
     205   8.640000E-01   3.650000E-01
     206   1.114000E+00   3.670000E-01
     207   9.320000E-01   3.690000E-01
     208   1.270000E+00   3.720000E-01
     209   5.390000E-01   3.750000E-01
     210   1.980000E-01   3.770000E-01
     211   4.160000E-01   3.800000E-01
     212   1.443000E+00   3.830000E-01
     213   1.361000E+00   3.860000E-01
     214   1.727000E+00   3.890000E-01
     215   8.540000E-01   3.920000E-01
     216   1.213000E+00   3.960000E-01
     217   1.152000E+00   3.990000E-01
     218   3.510000E-01   4.030000E-01
     219   8.440000E-01   4.070000E-01
     220   1.315000E+00   4.100000E-01
     221   1.085000E+00   4.140000E-01
     222   1.147000E+00   4.180000E-01
     223   1.158000E+00   4.230000E-01
     224   6.140000E-01   4.270000E-01
     225   7.650000E-01   4.310000E-01
     226   8.560000E-01   4.360000E-01
     227   1.272000E+00   4.410000E-01
     228   2.196000E+00   4.460000E-01
     229   8.250000E-01   4.510000E-01
     230   1.333000E+00   4.560000E-01
     231   1.624000E+00   4.610000E-01
     232   1.794000E+00   4.670000E-01
     233   9.410000E-01   4.720000E-01
     234   1.198000E+00   4.780000E-01
     235   1.579000E+00   4.840000E-01
     236   1.153000E+00   4.900000E-01
     237   1.974000E+00   4.960000E-01
     238   1.407000E+00   5.030000E-01
     239   1.415000E+00   5.090000E-01
     240   1.943000E+00   5.160000E-01
     241   2.796000E+00   5.230000E-01
     242   1.412000E+00   5.300000E-01
     243   2.103000E+00   5.370000E-01
     244   1.965000E+00   5.440000E-01
     245   2.239000E+00   5.520000E-01
     246   2.420000E+00   5.600000E-01
     247   1.634000E+00   5.670000E-01
     248   1.572000E+00   5.750000E-01
     249   2.842000E+00   5.840000E-01
     250   2.286000E+00   5.920000E-01
     251   1.453000E+00   6.010000E-01
     252   2.931000E+00   6.090000E-01
     253   2.430000E+00   6.180000E-01
     254   2.948000E+00   6.270000E-01
     255   2.731000E+00   6.370000E-01
     256   2.960000E+00   6.460000E-01
     257   2.583000E+00   6.560000E-01
     258   4.099000E+00   6.650000E-01
     259   3.301000E+00   6.750000E-01
     260   3.058000E+00   6.850000E-01
     261   4.391000E+00   6.960000E-01
     262   3.344000E+00   7.060000E-01
     263   3.731000E+00   7.170000E-01
     264   3.639000E+00   7.270000E-01
     265   4.231000E+00   7.380000E-01
     266   2.828000E+00   7.500000E-01
     267   3.506000E+00   7.610000E-01
     268   5.015000E+00   7.720000E-01
     269   5.574000E+00   7.840000E-01
     270   4.774000E+00   7.960000E-01
     271   5.700000E+00   8.080000E-01
     272   3.972000E+00   8.200000E-01
     273   6.323000E+00   8.320000E-01
     274   5.185000E+00   8.440000E-01
     275   5.278000E+00   8.570000E-01
     276   5.273000E+00   8.700000E-01
     277   7.086000E+00   8.820000E-01
     278   4.543000E+00   8.950000E-01
     279   6.163000E+00   9.080000E-01
     280   4.955000E+00   9.220000E-01
     281   5.889000E+00   9.350000E-01
     282   6.149000E+00   9.490000E-01
     283   7.193000E+00   9.620000E-01
     284   6.446000E+00   9.760000E-01
     285   5.857000E+00   9.900000E-01
     286   5.565000E+00   1.004000E+00
     287   6.083000E+00   1.018000E+00
     288   4.523000E+00   1.032000E+00
     289   6.981000E+00   1.047000E+00
     290   7.790000E+00   1.061000E+00
     291   6.505000E+00   1.076000E+00
     292   8.249000E+00   1.091000E+00
     293   8.535000E+00   1.105000E+00
     294   7.834000E+00   1.120000E+00
     295   8.576000E+00   1.135000E+00
     296   8.645000E+00   1.150000E+00
     297   1.060600E+01   1.165000E+00
     298   1.107000E+01   1.180000E+00
     299   7.308000E+00   1.196000E+00
     300   7.149000E+00   1.211000E+00
     301   8.897000E+00   1.226000E+00
     302   8.496000E+00   1.242000E+00
     303   9.107000E+00   1.257000E+00
     304   1.159800E+01   1.273000E+00
     305   1.116600E+01   1.289000E+00
     306   1.073500E+01   1.304000E+00
     307   8.057000E+00   1.320000E+00
     308   1.084500E+01   1.336000E+00
     309   1.196900E+01   1.351000E+00
     310   7.851000E+00   1.367000E+00
     311   1.384700E+01   1.383000E+00
     312   1.311500E+01   1.399000E+00
     313   1.132000E+01   1.414000E+00
     314   1.059600E+01   1.430000E+00
     315   1.072900E+01   1.446000E+00
     316   1.236700E+01   1.462000E+00
     317   1.134000E+01   1.477000E+00
     318   1.099000E+01   1.493000E+00
     319   1.305300E+01   1.509000E+00
     320   1.205000E+01   1.525000E+00
     321   1.272600E+01   1.540000E+00
     322   1.464400E+01   1.556000E+00
     323   1.268900E+01   1.571000E+00
     324   1.442100E+01   1.587000E+00
     325   1.682000E+01   1.602000E+00
     326   1.565800E+01   1.618000E+00
     327   1.580200E+01   1.633000E+00
     328   1.546800E+01   1.648000E+00
     329   1.394700E+01   1.664000E+00
     330   1.347000E+01   1.679000E+00
     331   1.754900E+01   1.694000E+00
     332   1.492600E+01   1.709000E+00
     333   1.664300E+01   1.724000E+00
     334   1.320300E+01   1.738000E+00
     335   1.744600E+01   1.753000E+00
     336   1.579800E+01   1.767000E+00
     337   1.939600E+01   1.782000E+00
     338   1.376000E+01   1.796000E+00
     339   1.611100E+01   1.810000E+00
     340   1.904500E+01   1.824000E+00
     341   1.425000E+01   1.838000E+00
     342   1.717500E+01   1.852000E+00
     343   1.485000E+01   1.866000E+00
     344   1.520200E+01   1.879000E+00
     345   1.401300E+01   1.893000E+00
     346   1.688400E+01   1.906000E+00
     347   1.600100E+01   1.919000E+00
     348   1.925800E+01   1.932000E+00
     349   1.560900E+01   1.944000E+00
     350   1.829600E+01   1.957000E+00
     351   1.833000E+01   1.969000E+00
     352   1.871500E+01   1.981000E+00
     353   1.598900E+01   1.993000E+00
     354   2.148600E+01   2.005000E+00
     355   1.868400E+01   2.017000E+00
     356   2.155600E+01   2.028000E+00
     357   1.862000E+01   2.039000E+00
     358   2.063000E+01   2.050000E+00
     359   1.831500E+01   2.061000E+00
     360   1.590600E+01   2.071000E+00
     361   1.894100E+01   2.082000E+00
     362   1.808200E+01   2.092000E+00
     363   2.146400E+01   2.102000E+00
     364   1.850000E+01   2.111000E+00
     365   2.216900E+01   2.121000E+00
     366   1.722300E+01   2.130000E+00
     367   1.430400E+01   2.139000E+00
     368   2.121600E+01   2.148000E+00
     369   1.714500E+01   2.156000E+00
     370   2.351300E+01   2.165000E+00
     371   2.102800E+01   2.173000E+00
     372   1.784200E+01   2.180000E+00
     373   2.073800E+01   2.188000E+00
     374   2.365000E+01   2.195000E+00
     375   2.228800E+01   2.202000E+00
     376   2.093000E+01   2.209000E+00
     377   2.234100E+01   2.216000E+00
     378   1.703200E+01   2.222000E+00
     379   2.190200E+01   2.228000E+00
     380   2.198600E+01   2.234000E+00
     381   2.659200E+01   2.239000E+00
     382   1.974000E+01   2.244000E+00
     383   1.974500E+01   2.249000E+00
     384   2.248800E+01   2.254000E+00
     385   1.757200E+01   2.259000E+00
     386   2.052200E+01   2.263000E+00
     387   2.426100E+01   2.267000E+00
     388   2.017200E+01   2.270000E+00
     389   2.109500E+01   2.274000E+00
     390   2.132300E+01   2.277000E+00
     391   2.308700E+01   2.280000E+00
     392   2.364500E+01   2.283000E+00
     393   2.392100E+01   2.285000E+00
     394   2.308900E+01   2.287000E+00
     395   2.243300E+01   2.289000E+00
     396   2.306400E+01   2.291000E+00
     397   2.142700E+01   2.292000E+00
     398   2.346200E+01   2.293000E+00
     399   1.967400E+01   2.294000E+00
     400   1.964400E+01   2.295000E+00
     401   2.189700E+01   2.295000E+00
     402   1.990300E+01   2.295000E+00
     403   2.178600E+01   2.295000E+00
     404   1.894200E+01   2.295000E+00
     405   2.367100E+01   2.294000E+00
     406   1.743800E+01   2.293000E+00
     407   2.000200E+01   2.292000E+00
     408   2.536000E+01   2.291000E+00
     409   2.460700E+01   2.289000E+00
     410   1.970400E+01   2.288000E+00
     411   2.682900E+01   2.286000E+00
     412   1.752000E+01   2.283000E+00
     413   2.109700E+01   2.281000E+00
     414   1.770200E+01   2.278000E+00
     415   1.768500E+01   2.275000E+00
     416   2.120200E+01   2.272000E+00
     417   1.888300E+01   2.269000E+00
     418   1.740000E+01   2.266000E+00
     419   1.800800E+01   2.262000E+00
     420   1.909400E+01   2.258000E+00
     421   2.056200E+01   2.254000E+00
     422   2.396600E+01   2.250000E+00
     423   1.915600E+01   2.246000E+00
     424   1.803300E+01   2.241000E+00
     425   1.393600E+01   2.236000E+00
     426   1.959700E+01   2.231000E+00
     427   2.024500E+01   2.226000E+00
     428   2.390900E+01   2.221000E+00
     429   2.098300E+01   2.216000E+00
     430   2.268100E+01   2.210000E+00
     431   1.584700E+01   2.205000E+00
     432   1.931900E+01   2.199000E+00
     433   1.989700E+01   2.193000E+00
     434   1.672200E+01   2.187000E+00
     435   1.984100E+01   2.181000E+00
     436   1.823700E+01   2.175000E+00
     437   2.121400E+01   2.168000E+00
     438   1.842500E+01   2.162000E+00
     439   2.293900E+01   2.155000E+00
     440   1.822200E+01   2.149000E+00
     441   1.823400E+01   2.142000E+00
     442   1.569700E+01   2.135000E+00
     443   1.822500E+01   2.129000E+00
     444   1.683600E+01   2.122000E+00
     445   1.604100E+01   2.115000E+00
     446   1.844900E+01   2.108000E+00
     447   1.739600E+01   2.101000E+00
     448   1.800900E+01   2.094000E+00
     449   1.692700E+01   2.086000E+00
     450   2.081800E+01   2.079000E+00
     451   1.730200E+01   2.072000E+00
     452   1.557500E+01   2.065000E+00
     453   1.675200E+01   2.058000E+00
     454   1.942100E+01   2.051000E+00
     455   1.464700E+01   2.044000E+00
     456   1.546100E+01   2.036000E+00
     457   1.343800E+01   2.029000E+00
     458   1.320000E+01   2.022000E+00
     459   1.564200E+01   2.015000E+00
     460   1.846100E+01   2.008000E+00
     461   1.347600E+01   2.001000E+00
     462   1.488700E+01   1.994000E+00
     463   1.358000E+01   1.987000E+00
     464   1.447100E+01   1.981000E+00
     465   1.256000E+01   1.974000E+00
     466   1.274200E+01   1.967000E+00
     467   1.581900E+01   1.961000E+00
     468   1.751800E+01   1.954000E+00
     469   1.973500E+01   1.948000E+00
     470   1.343200E+01   1.942000E+00
     471   1.098800E+01   1.936000E+00
     472   8.436000E+00   1.930000E+00
     473   1.013700E+01   1.924000E+00
     474   1.310400E+01   1.918000E+00
     475   9.121000E+00   1.912000E+00
     476   1.169300E+01   1.907000E+00
     477   1.028700E+01   1.901000E+00
     478   1.095100E+01   1.896000E+00
     479   1.221000E+01   1.891000E+00
     480   1.024000E+01   1.886000E+00
     481   1.216900E+01   1.881000E+00
     482   1.036700E+01   1.877000E+00
     483   8.993000E+00   1.872000E+00
     484   1.219000E+01   1.868000E+00
     485   1.237900E+01   1.864000E+00
     486   1.447000E+01   1.860000E+00
     487   1.127600E+01   1.856000E+00
     488   1.274200E+01   1.853000E+00
     489   9.478000E+00   1.850000E+00
     490   1.122500E+01   1.847000E+00
     491   1.046100E+01   1.844000E+00
     492   1.212600E+01   1.841000E+00
     493   8.933000E+00   1.838000E+00
     494   1.042900E+01   1.836000E+00
     495   8.757000E+00   1.834000E+00
     496   9.261000E+00   1.832000E+00
     497   1.213800E+01   1.831000E+00
     498   8.262000E+00   1.829000E+00
     499   8.656000E+00   1.828000E+00
     500   6.269000E+00   1.827000E+00
     501   6.607000E+00   1.827000E+00
     502   9.200000E+00   1.826000E+00
     503   8.819000E+00   1.824000E+00
     504   6.077000E+00   1.824000E+00
     505   7.823000E+00   1.550000E+00
     506   1.053400E+01   1.548000E+00
     507   9.149000E+00   1.545000E+00
     508   8.000000E+00   1.544000E+00
     509   9.604000E+00   1.543000E+00
     510   8.143000E+00   1.543000E+00
     511   8.906000E+00   1.543000E+00
     512   5.513000E+00   1.544000E+00
     513   6.146000E+00   1.544000E+00
     514   7.563000E+00   1.545000E+00
     515   9.543000E+00   1.546000E+00
     516   4.250000E+00   1.548000E+00
     517   5.236000E+00   1.549000E+00
     518   8.794000E+00   1.551000E+00
     519   7.113000E+00   1.554000E+00
     520   7.297000E+00   1.556000E+00
     521   8.706000E+00   1.559000E+00
     522   8.336000E+00   1.562000E+00
     523   7.107000E+00   1.566000E+00
     524   6.426000E+00   1.569000E+00
     525   6.699000E+00   1.573000E+00
     526   4.341000E+00   1.578000E+00
     527   4.606000E+00   1.582000E+00
     528   4.867000E+00   1.587000E+00
     529   9.391000E+00   1.592000E+00
     530   7.869000E+00   1.598000E+00
     531   6.644000E+00   1.604000E+00
     532   5.543000E+00   1.610000E+00
     533   7.736000E+00   1.616000E+00
     534   7.006000E+00   1.623000E+00
     535   7.152000E+00   1.630000E+00
     536   5.405000E+00   1.637000E+00
     537   4.958000E+00   1.645000E+00
     538   7.270000E+00   1.652000E+00
     539   5.907000E+00   1.661000E+00
     540   6.934000E+00   1.669000E+00
     541   9.201000E+00   1.678000E+00
     542   9.539000E+00   1.687000E+00
     543   6.747000E+00   1.696000E+00
     544   6.038000E+00   1.706000E+00
     545   1.077800E+01   1.716000E+00
     546   8.869000E+00   1.726000E+00
     547   8.703000E+00   1.737000E+00
     548   7.136000E+00   1.747000E+00
     549   8.924000E+00   1.758000E+00
     550   8.396000E+00   1.770000E+00
     551   8.166000E+00   1.782000E+00
     552   9.105000E+00   1.794000E+00
     553   1.025000E+01   1.806000E+00
     554   5.808000E+00   1.818000E+00
     555   6.183000E+00   1.831000E+00
     556   1.019700E+01   1.844000E+00
     557   6.957000E+00   1.858000E+00
     558   1.159100E+01   1.871000E+00
     559   1.189500E+01   1.885000E+00
     560   7.525000E+00   1.899000E+00
     561   9.904000E+00   1.914000E+00
     562   1.118800E+01   1.928000E+00
     563   8.500000E+00   1.943000E+00
     564   8.822000E+00   1.959000E+00
     565   9.028000E+00   1.974000E+00
     566   1.594100E+01   1.990000E+00
     567   1.102000E+01   2.006000E+00
     568   1.025000E+01   2.022000E+00
     569   1.120100E+01   2.039000E+00
     570   9.928000E+00   2.055000E+00
     571   1.325800E+01   2.072000E+00
     572   9.786000E+00   2.089000E+00
     573   1.072500E+01   2.107000E+00
     574   1.713900E+01   2.124000E+00
     575   1.538800E+01   2.142000E+00
     576   1.204100E+01   2.160000E+00
     577   1.267300E+01   2.179000E+00
     578   1.159400E+01   2.197000E+00
     579   1.556100E+01   2.216000E+00
     580   1.432100E+01   2.235000E+00
     581   1.814300E+01   2.254000E+00
     582   1.628600E+01   2.273000E+00
     583   1.410800E+01   2.292000E+00
     584   1.529700E+01   2.312000E+00
     585   1.750700E+01   2.332000E+00
     586   1.348600E+01   2.352000E+00
     587   1.404700E+01   2.372000E+00
     588   1.392100E+01   2.392000E+00
     589   1.524300E+01   2.412000E+00
     590   1.603600E+01   2.433000E+00
     591   1.273000E+01   2.454000E+00
     592   1.466900E+01   2.474000E+00
     593   1.672500E+01   2.495000E+00
     594   2.190100E+01   2.516000E+00
     595   1.730300E+01   2.537000E+00
     596   1.571800E+01   2.559000E+00
     597   1.714100E+01   2.580000E+00
     598   1.981500E+01   2.601000E+00
     599   2.034600E+01   2.623000E+00
     600   1.776300E+01   2.644000E+00
     601   2.291800E+01   2.666000E+00
     602   2.117100E+01   2.688000E+00
     603   1.822100E+01   2.709000E+00
     604   1.980500E+01   2.731000E+00
     605   2.104800E+01   2.753000E+00
     606   2.356900E+01   2.775000E+00
     607   2.572200E+01   2.797000E+00
     608   1.928200E+01   2.819000E+00
     609   2.126800E+01   2.841000E+00
     610   2.540100E+01   2.863000E+00
     611   1.913300E+01   2.885000E+00
     612   2.027700E+01   2.906000E+00
     613   2.470000E+01   2.928000E+00
     614   2.627600E+01   2.950000E+00
     615   2.380200E+01   2.972000E+00
     616   2.674100E+01   2.994000E+00
     617   2.484200E+01   3.016000E+00
     618   2.940400E+01   3.038000E+00
     619   2.162300E+01   3.059000E+00
     620   2.860000E+01   3.081000E+00
     621   3.038800E+01   3.102000E+00
     622   1.709800E+01   3.124000E+00
     623   2.713500E+01   3.145000E+00
     624   3.038400E+01   3.167000E+00
     625   2.877000E+01   3.188000E+00
     626   2.830500E+01   3.209000E+00
     627   2.889300E+01   3.230000E+00
     628   2.522700E+01   3.251000E+00
     629   2.702500E+01   3.272000E+00
     630   2.450400E+01   3.292000E+00
     631   2.726400E+01   3.313000E+00
     632   3.263600E+01   3.333000E+00
     633   3.079100E+01   3.353000E+00
     634   3.029900E+01   3.374000E+00
     635   3.080100E+01   3.393000E+00
     636   2.492700E+01   3.413000E+00
     637   2.709900E+01   3.433000E+00
     638   2.782700E+01   3.452000E+00
     639   3.997400E+01   3.471000E+00
     640   3.479500E+01   3.490000E+00
     641   3.351400E+01   3.509000E+00
     642   2.630300E+01   3.528000E+00
     643   3.230200E+01   3.546000E+00
     644   3.425500E+01   3.565000E+00
     645   3.377000E+01   3.583000E+00
     646   3.251300E+01   3.600000E+00
     647   3.034200E+01   3.618000E+00
     648   3.360100E+01   3.635000E+00
     649   3.396500E+01   3.652000E+00
     650   2.956700E+01   3.669000E+00
     651   3.366300E+01   3.686000E+00
     652   3.879800E+01   3.702000E+00
     653   3.294700E+01   3.719000E+00
     654   3.294500E+01   3.734000E+00
     655   3.697000E+01   3.750000E+00
     656   2.958400E+01   3.765000E+00
     657   2.684900E+01   3.781000E+00
     658   3.567700E+01   3.795000E+00
     659   3.088500E+01   3.810000E+00
     660   3.079600E+01   3.824000E+00
     661   3.509000E+01   3.838000E+00
     662   3.806300E+01   3.852000E+00
     663   3.374300E+01   3.865000E+00
     664   3.596700E+01   3.878000E+00
     665   3.747500E+01   3.891000E+00
     666   3.245900E+01   3.904000E+00
     667   3.774200E+01   3.916000E+00
     668   4.371000E+01   3.928000E+00
     669   3.387700E+01   3.940000E+00
     670   3.290100E+01   3.951000E+00
     671   4.115400E+01   3.962000E+00
     672   4.160200E+01   3.973000E+00
     673   3.011500E+01   3.984000E+00
     674   3.475400E+01   3.994000E+00
     675   3.468900E+01   4.004000E+00
     676   3.593800E+01   4.013000E+00
     677   4.351300E+01   4.022000E+00
     678   3.487800E+01   4.031000E+00
     679   3.865300E+01   4.040000E+00
     680   3.873600E+01   4.048000E+00
     681   3.078200E+01   4.056000E+00
     682   3.950100E+01   4.064000E+00
     683   3.243200E+01   4.071000E+00
     684   3.433800E+01   4.079000E+00
     685   3.982600E+01   4.085000E+00
     686   3.960000E+01   4.092000E+00
     687   3.833700E+01   4.098000E+00
     688   3.638100E+01   4.104000E+00
     689   4.011700E+01   4.109000E+00
     690   3.835500E+01   4.115000E+00
     691   3.299300E+01   4.120000E+00
     692   4.346800E+01   4.124000E+00
     693   4.117600E+01   4.129000E+00
     694   4.440500E+01   4.133000E+00
     695   4.223700E+01   4.137000E+00
     696   3.419500E+01   4.140000E+00
     697   4.376200E+01   4.143000E+00
     698   4.154400E+01   4.146000E+00
     699   3.987700E+01   4.149000E+00
     700   2.913000E+01   4.151000E+00
     701   3.415700E+01   4.153000E+00
     702   3.962600E+01   4.155000E+00
     703   3.504800E+01   4.157000E+00
     704   3.674400E+01   4.158000E+00
     705   3.272600E+01   4.159000E+00
     706   3.399400E+01   4.160000E+00
     707   3.565200E+01   4.161000E+00
     708   3.443400E+01   4.161000E+00
     709   3.537100E+01   4.161000E+00
     710   4.316000E+01   4.161000E+00
     711   3.894000E+01   4.160000E+00
     712   3.906100E+01   4.160000E+00
     713   3.421900E+01   4.159000E+00
     714   3.934300E+01   4.158000E+00
     715   3.328700E+01   4.156000E+00
     716   4.834000E+01   4.155000E+00
     717   3.377400E+01   4.153000E+00
     718   3.128700E+01   4.151000E+00
     719   3.915100E+01   4.149000E+00
     720   2.906300E+01   4.147000E+00
     721   3.459800E+01   4.144000E+00
     722   3.521600E+01   4.142000E+00
     723   3.214800E+01   4.139000E+00
     724   3.768300E+01   4.136000E+00
     725   3.706300E+01   4.132000E+00
     726   3.209900E+01   4.129000E+00
     727   3.368200E+01   4.126000E+00
     728   2.948900E+01   4.122000E+00
     729   3.380300E+01   4.118000E+00
     730   2.991100E+01   4.114000E+00
     731   3.208900E+01   4.110000E+00
     732   3.748100E+01   4.106000E+00
     733   3.547300E+01   4.102000E+00
     734   2.767200E+01   4.097000E+00
     735   2.855400E+01   4.093000E+00
     736   3.498000E+01   4.088000E+00
     737   3.466700E+01   4.084000E+00
     738   3.219900E+01   4.079000E+00
     739   3.081100E+01   4.074000E+00
     740   3.068300E+01   4.069000E+00
     741   1.943800E+01   4.064000E+00
     742   2.395000E+01   4.059000E+00
     743   2.505700E+01   4.054000E+00
     744   2.846900E+01   4.049000E+00
     745   3.195500E+01   4.044000E+00
     746   3.227100E+01   4.039000E+00
     747   2.931300E+01   4.034000E+00
     748   2.210000E+01   4.028000E+00
     749   2.474000E+01   4.023000E+00
     750   2.871500E+01   4.018000E+00
     751   2.208500E+01   4.013000E+00
     752   2.638800E+01   4.008000E+00
     753   2.535200E+01   4.002000E+00
     754   3.038700E+01   3.997000E+00
     755   3.024900E+01   3.992000E+00
     756   3.139300E+01   3.987000E+00
     757   2.334400E+01   3.982000E+00
     758   1.956200E+01   3.977000E+00
     759   2.975300E+01   3.972000E+00
     760   3.333600E+01   3.967000E+00
     761   2.803300E+01   3.962000E+00
     762   2.066800E+01   3.957000E+00
     763   2.337500E+01   3.953000E+00
     764   2.322600E+01   3.948000E+00
     765   2.624900E+01   3.944000E+00
     766   1.614600E+01   3.939000E+00
     767   2.617100E+01   3.935000E+00
     768   2.871700E+01   3.931000E+00
     769   1.958400E+01   3.927000E+00
     770   1.849600E+01   3.923000E+00
     771   1.811200E+01   3.919000E+00
     772   2.697500E+01   3.915000E+00
     773   1.914500E+01   3.912000E+00
     774   2.336700E+01   3.908000E+00
     775   2.732600E+01   3.905000E+00
     776   1.812500E+01   3.902000E+00
     777   2.142500E+01   3.899000E+00
     778   2.391600E+01   3.896000E+00
     779   2.504400E+01   3.894000E+00
     780   1.777900E+01   3.891000E+00
     781   1.427900E+01   3.889000E+00
     782   1.870500E+01   3.887000E+00
     783   1.592300E+01   3.885000E+00
     784   2.086700E+01   3.883000E+00
     785   2.668500E+01   3.882000E+00
     786   2.129800E+01   3.881000E+00
     787   1.854400E+01   3.879000E+00
     788   1.957600E+01   3.879000E+00
     789   2.118700E+01   3.878000E+00
     790   1.276100E+01   3.877000E+00
     791   1.509500E+01   3.877000E+00
     792   2.101000E+01   3.877000E+00
     793   1.919700E+01   3.877000E+00
     794   1.674200E+01   3.878000E+00
     795   1.571800E+01   3.878000E+00
     796   1.958200E+01   3.879000E+00
     797   1.917100E+01   3.881000E+00
     798   2.111100E+01   3.882000E+00
     799   1.615100E+01   3.884000E+00
     800   1.053600E+01   3.886000E+00
     801   1.800400E+01   3.888000E+00
     802   9.898000E+00   3.890000E+00
     803   1.485900E+01   3.893000E+00
     804   1.692300E+01   3.896000E+00
     805   1.440100E+01   3.899000E+00
     806   1.996100E+01   3.902000E+00
     807   2.131800E+01   3.906000E+00
     808   1.583500E+01   3.910000E+00
     809   1.450400E+01   3.914000E+00
     810   1.437700E+01   3.919000E+00
     811   1.603000E+01   3.924000E+00
     812   1.775000E+01   3.929000E+00
     813   1.562300E+01   3.934000E+00
     814   1.426200E+01   3.940000E+00
     815   1.575800E+01   3.946000E+00
     816   1.624200E+01   3.952000E+00
     817   1.033700E+01   3.959000E+00
     818   1.294400E+01   3.966000E+00
     819   1.035900E+01   3.973000E+00
     820   1.131600E+01   3.980000E+00
     821   1.240700E+01   3.988000E+00
     822   7.271000E+00   3.996000E+00
     823   1.409300E+01   4.004000E+00
     824   1.831800E+01   4.013000E+00
     825   1.820200E+01   4.021000E+00
     826   2.844000E+00   4.031000E+00
     827   1.376500E+01   4.040000E+00
     828   1.291700E+01   4.050000E+00
     829   1.265000E+01   4.060000E+00
     830   1.559000E+01   4.070000E+00
     831   1.228400E+01   4.081000E+00
     832   1.447300E+01   4.092000E+00
     833   1.050200E+01   4.103000E+00
     834   9.989000E+00   4.115000E+00
     835   1.467700E+01   4.126000E+00
     836   5.666000E+00   4.138000E+00
     837   1.154600E+01   4.151000E+00
     838   1.315100E+01   4.164000E+00
     839   1.251000E+01   4.177000E+00
     840   1.512500E+01   4.190000E+00
     841   1.633600E+01   4.203000E+00
     842   6.425000E+00   4.217000E+00
     843   1.573600E+01   4.232000E+00
     844   1.402300E+01   4.246000E+00
     845   1.108100E+01   4.261000E+00
     846   1.194100E+01   4.276000E+00
     847   1.794300E+01   4.291000E+00
     848   7.684000E+00   4.307000E+00
     849   1.199700E+01   4.323000E+00
     850   2.199900E+01   4.339000E+00
     851   8.351000E+00   4.355000E+00
     852   1.667500E+01   4.372000E+00
     853   5.930000E+00   4.389000E+00
     854   9.342000E+00   4.407000E+00
     855   1.967200E+01   4.424000E+00
     856   1.226300E+01   4.442000E+00
     857   1.313300E+01   4.460000E+00
     858   1.460500E+01   4.479000E+00
     859   1.680100E+01   4.497000E+00
     860   1.559200E+01   4.516000E+00
     861   1.257800E+01   4.536000E+00
     862   1.623700E+01   4.555000E+00
     863   1.460400E+01   4.575000E+00
     864   1.544300E+01   4.595000E+00
     865   1.445600E+01   4.615000E+00
     866   9.787000E+00   4.636000E+00
     867   2.512100E+01   4.656000E+00
     868   1.445900E+01   4.677000E+00
     869   1.491000E+01   4.698000E+00
     870   1.446100E+01   4.720000E+00
     871   1.901800E+01   4.742000E+00
     872   1.647900E+01   4.763000E+00
     873   2.402500E+01   4.786000E+00
     874   1.342500E+01   4.808000E+00
     875   1.595200E+01   4.830000E+00
     876   2.510200E+01   4.853000E+00
     877   2.370200E+01   4.876000E+00
     878   1.977600E+01   4.899000E+00
     879   1.400100E+01   4.923000E+00
     880   1.824200E+01   4.946000E+00
     881   1.904800E+01   4.970000E+00
     882   2.245300E+01   4.994000E+00
     883   1.988500E+01   5.018000E+00
     884   1.746500E+01   5.043000E+00
     885   1.862700E+01   5.067000E+00
     886   1.986800E+01   5.092000E+00
     887   3.739500E+01   5.117000E+00
     888   2.752300E+01   5.142000E+00
     889   1.767100E+01   5.167000E+00
     890   1.863400E+01   5.193000E+00
     891   2.202200E+01   5.218000E+00
     892   2.195900E+01   5.244000E+00
     893   2.032700E+01   5.270000E+00
     894   2.157300E+01   5.296000E+00
     895   2.890600E+01   5.322000E+00
     896   1.685500E+01   5.348000E+00
     897   1.925500E+01   5.374000E+00
     898   3.708000E+01   5.401000E+00
     899   2.737900E+01   5.427000E+00
     900   1.985800E+01   5.454000E+00
     901   3.099700E+01   5.481000E+00
     902   2.269900E+01   5.508000E+00
     903   2.095900E+01   5.535000E+00
     904   2.865300E+01   5.562000E+00
     905   2.128400E+01   5.589000E+00
     906   2.834200E+01   5.616000E+00
     907   3.169900E+01   5.644000E+00
     908   1.077000E+01   5.671000E+00
     909   1.765200E+01   5.699000E+00
     910   1.808800E+01   5.726000E+00
     911   3.785700E+01   5.754000E+00
     912   3.768200E+01   5.781000E+00
     913   3.296500E+01   5.809000E+00
     914   1.622300E+01   5.837000E+00
     915   3.337000E+01   5.864000E+00
     916   3.165900E+01   5.892000E+00
     917   2.026700E+01   5.920000E+00
     918   2.765500E+01   5.947000E+00
     919   4.518500E+01   5.975000E+00
     920   2.681600E+01   6.003000E+00
     921   2.490200E+01   6.031000E+00
     922   3.053400E+01   6.059000E+00
     923   2.559700E+01   6.086000E+00
     924   3.646800E+01   6.114000E+00
     925   2.751800E+01   6.142000E+00
     926   2.680600E+01   6.170000E+00
     927   3.115100E+01   6.197000E+00
     928   2.692600E+01   6.225000E+00
     929   3.256400E+01   6.252000E+00
     930   3.745400E+01   6.280000E+00
     931   3.346000E+01   6.307000E+00
     932   2.680100E+01   6.335000E+00
     933   4.395100E+01   6.362000E+00
     934   3.157300E+01   6.389000E+00
     935   3.687100E+01   6.416000E+00
     936   3.592100E+01   6.444000E+00
     937   3.910400E+01   6.471000E+00
     938   4.361400E+01   6.498000E+00
     939   2.528300E+01   6.524000E+00
     940   4.593800E+01   6.551000E+00
     941   3.815600E+01   6.578000E+00
     942   3.770900E+01   6.604000E+00
     943   4.076500E+01   6.631000E+00
     944   3.534600E+01   6.657000E+00
     945   3.312400E+01   6.683000E+00
     946   3.910100E+01   6.709000E+00
     947   4.187100E+01   6.735000E+00
     948   3.126300E+01   6.761000E+00
     949   4.294000E+01   6.787000E+00
     950   3.193000E+01   6.812000E+00
     951   2.905400E+01   6.838000E+00
     952   4.418700E+01   6.863000E+00
     953   5.255800E+01   6.888000E+00
     954   3.605900E+01   6.913000E+00
     955   4.677200E+01   6.938000E+00
     956   3.992600E+01   6.963000E+00
     957   3.391400E+01   6.987000E+00
     958   4.811700E+01   7.012000E+00
     959   3.085400E+01   7.036000E+00
     960   3.333300E+01   7.060000E+00
     961   3.707400E+01   7.084000E+00
     962   4.436700E+01   7.108000E+00
     963   3.588300E+01   7.131000E+00
     964   3.726500E+01   7.154000E+00
     965   4.809900E+01   7.178000E+00
     966   3.466000E+01   7.201000E+00
     967   4.871800E+01   7.223000E+00
     968   4.287900E+01   7.246000E+00
     969   3.855300E+01   7.268000E+00
     970   3.830700E+01   7.290000E+00
     971   4.603400E+01   7.312000E+00
     972   3.941200E+01   7.334000E+00
     973   5.087500E+01   7.356000E+00
     974   2.672600E+01   7.377000E+00
     975   4.061300E+01   7.398000E+00
     976   3.464500E+01   7.419000E+00
     977   3.154100E+01   7.440000E+00
     978   5.086000E+01   7.461000E+00
     979   3.403300E+01   7.481000E+00
     980   5.104800E+01   7.501000E+00
     981   4.014700E+01   7.521000E+00
     982   4.699700E+01   7.541000E+00
     983   3.816300E+01   7.561000E+00
     984   3.908300E+01   7.580000E+00
     985   4.879600E+01   7.599000E+00
     986   2.860700E+01   7.618000E+00
     987   4.453700E+01   7.637000E+00
     988   3.955800E+01   7.656000E+00
     989   3.374800E+01   7.674000E+00
     990   3.563800E+01   7.692000E+00
     991   4.635700E+01   7.711000E+00
     992   4.655400E+01   7.728000E+00
     993   2.947100E+01   7.746000E+00
     994   3.978600E+01   7.763000E+00
     995   4.943400E+01   7.781000E+00
     996   3.805000E+01   7.798000E+00
     997   4.141500E+01   7.815000E+00
     998   5.303600E+01   7.853000E+00
     999   3.488200E+01   7.869000E+00
    1000   4.270700E+01   9.796000E+00
    1001   3.766900E+01   9.814000E+00
    1002   3.404800E+01   9.944000E+00
    1003   5.988400E+01   9.961000E+00
    1004   4.404500E+01   9.982000E+00
    1005   3.311300E+01   9.999000E+00
    1006   3.049800E+01   1.001600E+01
    1007   4.229200E+01   1.003300E+01
    1008   2.592500E+01   1.005000E+01
    1009   5.226100E+01   1.006600E+01
    1010   4.795300E+01   1.008200E+01
    1011   3.785200E+01   1.009800E+01
    1012   3.108900E+01   1.011400E+01
    1013   4.079600E+01   1.013000E+01
    1014   4.951500E+01   1.014500E+01
    1015   5.309500E+01   1.016100E+01
    1016   3.241000E+01   1.017600E+01
    1017   4.812400E+01   1.019100E+01
    1018   3.512200E+01   1.020500E+01
    1019   3.660200E+01   1.022000E+01
    1020   4.895100E+01   1.023500E+01
    1021   4.839400E+01   1.024900E+01
    1022   5.216400E+01   1.026300E+01
    1023   4.533200E+01   1.027700E+01
    1024   3.568100E+01   1.029100E+01
    1025   3.015000E+01   1.030500E+01
    1026   3.818100E+01   1.031800E+01
    1027   4.819200E+01   1.033200E+01
    1028   3.744400E+01   1.034500E+01
    1029   2.725200E+01   1.035900E+01
    1030   4.937400E+01   1.037200E+01
    1031   3.620100E+01   1.038500E+01
    1032   1.571700E+01   1.039800E+01
    1033   4.140700E+01   1.041100E+01
    1034   4.535400E+01   1.042400E+01
    1035   4.352800E+01   1.043700E+01
    1036   3.501000E+01   1.044900E+01
    1037   4.084300E+01   1.046200E+01
    1038   3.383700E+01   1.047400E+01
    1039   2.823400E+01   1.048700E+01
    1040   4.156800E+01   1.049900E+01
    1041   3.214400E+01   1.051200E+01
    1042   2.986200E+01   1.052400E+01
    1043   3.042500E+01   1.053600E+01
    1044   6.165700E+01   1.054900E+01
    1045   3.864200E+01   1.056100E+01
    1046   2.563400E+01   1.057300E+01
    1047   3.250600E+01   1.058500E+01
    1048   4.276100E+01   1.059800E+01
    1049   1.707300E+01   1.061000E+01
    1050   3.927500E+01   1.062200E+01
    1051   4.917000E+01   1.063400E+01
    1052   2.422100E+01   1.064600E+01
    1053   3.737600E+01   1.065900E+01
    1054   3.638000E+01   1.067100E+01
    1055   4.257300E+01   1.068300E+01
    1056   2.102400E+01   1.069500E+01
    1057   4.498900E+01   1.070800E+01
    1058   3.622100E+01   1.072000E+01
    1059   2.005900E+01   1.073200E+01
    1060   1.525100E+01   1.074500E+01
    1061   5.238700E+01   1.075700E+01
    1062   4.173600E+01   1.077000E+01
    1063   1.921300E+01   1.078200E+01
    1064   4.814500E+01   1.079500E+01
    1065   3.677000E+01   1.080800E+01
    1066   1.832400E+01   1.082100E+01
    1067   2.821900E+01   1.083400E+01
    1068   2.738100E+01   1.084700E+01
    1069   2.988200E+01   1.086000E+01
    1070   4.631700E+01   1.087300E+01
    1071   2.756300E+01   1.088700E+01
    1072   2.722200E+01   1.090000E+01
    1073   3.304200E+01   1.091400E+01
    1074   2.216700E+01   1.092700E+01
    1075   1.839100E+01   1.094100E+01
    1076   1.170700E+01   1.095500E+01
    1077   3.112700E+01   1.096900E+01
    1078   2.420500E+01   1.098300E+01
    1079   2.364700E+01   1.099800E+01
    1080   2.665000E+01   1.101200E+01
    1081   2.092200E+01   1.102700E+01
    1082   2.330500E+01   1.104200E+01
    1083   1.043200E+01   1.105700E+01
    1084   3.577100E+01   1.107200E+01
    1085   3.350600E+01   1.108700E+01
    1086   1.203300E+01   1.110300E+01
    1087   1.014000E+01   1.111900E+01
    1088   4.634800E+01   1.113400E+01
    1089   1.610800E+01   1.115000E+01
    1090   3.686800E+01   1.116700E+01
    1091   2.520000E+01   1.118300E+01
    1092  -7.005000E+00   1.120000E+01
    1093   2.557500E+01   1.121700E+01
    1094   4.633400E+01   1.123400E+01
    1095   1.617400E+01   1.125100E+01
    1096   1.549300E+01   1.126800E+01
    1097   2.982000E+01   1.128600E+01
    1098   3.164100E+01   1.130400E+01
    1099   8.526000E+00   1.132200E+01
    1100   1.143600E+01   1.134000E+01
    1101   2.616300E+01   1.135900E+01
    1102   4.453000E+00   1.137800E+01
    1103   1.616200E+01   1.139700E+01
    1104   1.678700E+01   1.141600E+01
    1105   1.208500E+01   1.143500E+01
    1106   9.819000E+00   1.145500E+01
    1107   1.712300E+01   1.147500E+01
    1108   1.548400E+01   1.149500E+01
    1109   2.968000E+01   1.151600E+01
    1110  -5.127000E+00   1.153600E+01
    1111   2.249000E+01   1.155700E+01
    1112   3.633600E+01   1.157900E+01
    1113   1.073000E+01   1.160000E+01
    1114   1.359500E+01   1.162200E+01
    1115   9.224000E+00   1.164400E+01
    1116   2.026400E+01   1.166600E+01
    1117   1.564800E+01   1.168900E+01
    1118  -3.162000E+00   1.171100E+01
    1119   9.572000E+00   1.173400E+01
    1120   3.586900E+01   1.175800E+01
    1121   1.398600E+01   1.178100E+01
    1122   2.620800E+01   1.180500E+01
    1123   1.009300E+01   1.182900E+01
    1124   1.089100E+01   1.185400E+01
    1125   1.026400E+01   1.187900E+01
    1126   1.523800E+01   1.190400E+01
    1127   1.417500E+01   1.192900E+01
    1128   1.323300E+01   1.195400E+01
    1129   1.794000E+01   1.198000E+01
    1130   3.289600E+01   1.200600E+01
    1131   3.432100E+01   1.203300E+01
    1132  -6.793000E+00   1.205900E+01
    1133   2.117300E+01   1.208600E+01
    1134   2.555000E+00   1.211400E+01
    1135   2.466500E+01   1.214100E+01
    1136   1.702600E+01   1.216900E+01
    1137   1.076700E+01   1.219700E+01
    1138   1.163600E+01   1.222500E+01
    1139   2.070300E+01   1.225400E+01
    1140   6.616000E+00   1.228300E+01
    1141  -2.009600E+01   1.231200E+01
    1142   1.920000E+01   1.234200E+01
    1143   3.303900E+01   1.237200E+01
    1144  -3.020000E-01   1.240200E+01
    1145   2.185000E+01   1.243200E+01
    1146   3.568900E+01   1.246300E+01
    1147   1.024500E+01   1.249400E+01
    1148   2.969000E+01   1.252500E+01
    1149   2.785200E+01   1.255700E+01
    1150   9.225000E+00   1.258900E+01
    1151   5.227000E+00   1.262100E+01
    1152   8.059000E+00   1.265300E+01
    1153   8.874000E+00   1.268600E+01
    1154   1.095900E+01   1.271900E+01
    1155   4.051500E+01   1.275200E+01
    1156   1.667700E+01   1.278600E+01
    1157  -4.782000E+00   1.281900E+01
    1158   1.627600E+01   1.285300E+01
    1159   4.991000E+00   1.288800E+01
    1160   2.384600E+01   1.292200E+01
    1161   4.083400E+01   1.295700E+01
    1162   1.799000E+01   1.299300E+01
    1163   1.528900E+01   1.302800E+01
    1164   1.141600E+01   1.306400E+01
    1165   9.842000E+00   1.310000E+01
    1166   7.492000E+00   1.313600E+01
    1167  -4.476000E+00   1.317300E+01
    1168   2.140000E+00   1.320900E+01
    1169   3.194000E+00   1.324600E+01
    1170   3.583500E+01   1.328400E+01
    1171   8.600000E-02   1.332100E+01
    1172   1.707200E+01   1.335900E+01
    1173   1.067800E+01   1.339700E+01
    1174  -5.738000E+00   1.343600E+01
    1175   1.349300E+01   1.347400E+01
    1176   4.458400E+01   1.351300E+01
    1177  -1.914000E+00   1.355200E+01
    1178   3.255000E+00   1.359100E+01
    1179   2.264000E+01   1.363100E+01
    1180  -2.110000E+00   1.367100E+01
    1181   2.701500E+01   1.371100E+01
    1182  -3.257000E+00   1.375100E+01
    1183   1.761200E+01   1.379200E+01
    1184   9.914000E+00   1.383200E+01
    1185   6.809000E+00   1.387300E+01
    1186   2.323000E+01   1.391500E+01
    1187   1.917200E+01   1.395600E+01
    1188   1.636700E+01   1.399800E+01
    1189  -2.110000E-01   1.404000E+01
    1190   1.956000E+00   1.408200E+01
    1191   2.646000E+01   1.412400E+01
    1192   2.105700E+01   1.416600E+01
    1193  -2.574000E+00   1.420900E+01
    1194   1.846800E+01   1.425200E+01
    1195   9.571000E+00   1.429500E+01
    1196   3.942200E+01   1.433800E+01
    1197   1.316900E+01   1.438200E+01
    1198   3.355200E+01   1.442500E+01
    1199   3.169500E+01   1.446900E+01
    1200   1.680000E-01   1.451300E+01
    1201   2.990900E+01   1.455800E+01
    1202   4.370000E+01   1.460200E+01
    1203   3.293700E+01   1.464700E+01
    1204   2.909000E+00   1.469100E+01
    1205   3.034600E+01   1.473600E+01
    1206   3.165600E+01   1.478100E+01
    1207   4.047500E+01   1.482700E+01
    1208   1.899400E+01   1.487200E+01
    1209   1.826100E+01   1.491800E+01
    1210   3.267000E+01   1.496300E+01
    1211   2.246800E+01   1.500900E+01
    1212   1.298100E+01   1.505500E+01
    1213   4.509100E+01   1.510100E+01
    1214   4.727000E+00   1.514800E+01
    1215   1.264100E+01   1.519400E+01
    1216  -1.637700E+01   1.524100E+01
    1217   3.959900E+01   1.528700E+01
    1218   2.250900E+01   1.533400E+01
    1219   8.542000E+00   1.538100E+01
    1220   4.014100E+01   1.542800E+01
    1221   3.040500E+01   1.547500E+01
    1222   1.047000E+00   1.552300E+01
    1223   1.536900E+01   1.557000E+01
    1224   1.429800E+01   1.561800E+01
    1225   3.237700E+01   1.566500E+01
    1226   2.553500E+01   1.571300E+01
    1227   2.393700E+01   1.576100E+01
    1228   2.709300E+01   1.580900E+01
    1229   7.710000E-01   1.585700E+01
    1230   2.774300E+01   1.590500E+01
    1231   1.905600E+01   1.595300E+01
    1232   3.832900E+01   1.600100E+01
    1233   3.201000E+01   1.604900E+01
    1234   4.340000E+00   1.609800E+01
    1235   2.180700E+01   1.614600E+01
    1236   3.612800E+01   1.619500E+01
    1237   8.231000E+00   1.624400E+01
    1238   2.181100E+01   1.629200E+01
    1239   6.621800E+01   1.634100E+01
    1240   5.230000E+01   1.639000E+01
    1241   7.164000E+00   1.643900E+01
    1242   2.668700E+01   1.648800E+01
    1243   4.335500E+01   1.653700E+01
    1244   4.991500E+01   1.658600E+01
    1245   1.812700E+01   1.663500E+01
    1246   2.191400E+01   1.668400E+01
    1247   2.906700E+01   1.673300E+01
    1248   2.341400E+01   1.678200E+01
    1249   5.378900E+01   1.683100E+01
    1250   4.929500E+01   1.688100E+01
    1251   1.170000E-01   1.693000E+01
    1252   7.939000E+00   1.697900E+01
    1253   4.834500E+01   1.702900E+01
    1254   4.064000E+01   1.707800E+01
    1255   2.774100E+01   1.712700E+01
    1256   2.722100E+01   1.717700E+01
    1257   8.858000E+00   1.722600E+01
    1258   6.642000E+00   1.727600E+01
    1259   1.356200E+01   1.732500E+01
    1260   4.306200E+01   1.737500E+01
    1261   6.864400E+01   1.742400E+01
    1262   4.388900E+01   1.747400E+01
    1263   1.798500E+01   1.752300E+01
    1264   3.205200E+01   1.757300E+01
    1265   3.581300E+01   1.762200E+01
    1266   1.441700E+01   1.767200E+01
    1267   3.140300E+01   1.772100E+01
    1268   3.254600E+01   1.777100E+01
    1269   3.999400E+01   1.782000E+01
    1270   2.475900E+01   1.787000E+01
    1271  -8.150000E-01   1.791900E+01
    1272   2.731500E+01   1.796900E+01
    1273   3.801300E+01   1.801800E+01
    1274   5.489500E+01   1.806800E+01
    1275   4.421800E+01   1.811700E+01
    1276   1.075000E+00   1.816600E+01
    1277   2.918500E+01   1.821600E+01
    1278   3.121600E+01   1.826500E+01
    1279   3.103000E+01   1.831500E+01
    1280   2.014200E+01   1.836400E+01
    1281   4.476800E+01   1.841400E+01
    1282   2.030900E+01   1.846300E+01
    1283   2.479900E+01   1.851200E+01
    1284   1.128800E+01   1.856200E+01
    1285   2.224400E+01   1.861100E+01
    1286   6.573600E+01   1.866000E+01
    1287   5.950000E+00   1.871000E+01
    1288   9.921000E+00   1.875900E+01
    1289   6.332500E+01   1.880800E+01
    1290   6.971000E+00   1.885700E+01
    1291  -6.274000E+00   1.890700E+01
    1292   7.055500E+01   1.895600E+01
    1293   3.435800E+01   1.900500E+01
    1294   1.408800E+01   1.905400E+01
    1295   1.762900E+01   1.910300E+01
    1296   3.227800E+01   1.915300E+01
    1297   5.596400E+01   1.920200E+01
    1298   6.907700E+01   1.925100E+01
    1299   1.989600E+01   1.930000E+01
    1300   2.940900E+01   1.934900E+01
    1301   1.493400E+01   1.939800E+01
    1302   2.284600E+01   1.944700E+01
    1303  -7.808000E+00   1.949700E+01
    1304   5.284400E+01   1.954600E+01
    1305   3.114400E+01   1.959500E+01
    1306   1.359100E+01   1.964400E+01
    1307   6.112900E+01   1.969300E+01
    1308   1.678300E+01   1.974200E+01
    1309   3.886700E+01   1.979100E+01
    1310   3.705500E+01   1.984000E+01
    1311   2.252400E+01   1.988900E+01
    1312   6.372800E+01   1.993800E+01
    1313   5.754500E+01   1.998700E+01
    1314   2.183100E+01   2.003600E+01
    1315   1.509700E+01   2.008500E+01
    1316   2.197600E+01   2.013500E+01
    1317   2.740100E+01   2.018400E+01
    1318   2.858800E+01   2.023300E+01
    1319   5.001400E+01   2.028200E+01
    1320   4.796700E+01   2.033100E+01
    1321   5.045600E+01   2.038000E+01
    1322   3.820800E+01   2.043000E+01
    1323   6.275900E+01   2.047900E+01
    1324   3.922800E+01   2.052800E+01
    1325   6.085700E+01   2.057700E+01
    1326   7.410000E+00   2.062700E+01
    1327   4.509000E+00   2.067600E+01
    1328   2.596800E+01   2.072500E+01
    1329   3.157800E+01   2.077500E+01
    1330   8.058000E+00   2.082400E+01
    1331   1.815600E+01   2.087400E+01
    1332   4.643600E+01   2.092300E+01
    1333   4.672800E+01   2.097300E+01
    1334   2.497700E+01   2.102200E+01
    1335  -1.164400E+01   2.107200E+01
    1336   5.536200E+01   2.112200E+01
    1337   5.748200E+01   2.117200E+01
    1338   3.835000E+01   2.122100E+01
    1339   3.226000E+00   2.127100E+01
    1340   1.308400E+01   2.132100E+01
    1341   5.382200E+01   2.137100E+01
    1342  -1.791100E+01   2.142200E+01
    1343   2.250000E+00   2.147200E+01
    1344   4.084000E+01   2.152200E+01
    1345   6.324800E+01   2.157200E+01
    1346   2.205100E+01   2.162300E+01
    1347   1.342900E+01   2.167300E+01
    1348  -1.230400E+01   2.172400E+01
    1349   4.110300E+01   2.177500E+01
    1350   5.061100E+01   2.182500E+01
    1351   2.415100E+01   2.187600E+01
    1352  -5.340000E+00   2.192700E+01
    1353   3.168300E+01   2.197800E+01
    1354   3.660300E+01   2.202900E+01
    1355   2.054700E+01   2.208100E+01
    1356   4.976400E+01   2.213200E+01
    1357   6.122100E+01   2.218400E+01
    1358  -3.580000E-01   2.223500E+01
    1359  -1.383700E+01   2.228700E+01
    1360   3.187100E+01   2.233900E+01
    1361   6.293900E+01   2.239100E+01
    1362   2.570400E+01   2.244300E+01
    1363   1.329000E+00   2.249500E+01
    1364   3.938200E+01   2.254800E+01
    1365  -1.805900E+01   2.260000E+01
    1366   2.310900E+01   2.265300E+01
    1367   2.306100E+01   2.270600E+01
    1368   1.854700E+01   2.275900E+01
    1369   8.383000E+00   2.281200E+01
    1370   3.372100E+01   2.286500E+01
    1371   4.102600E+01   2.291900E+01
    1372  -2.782800E+01   2.297200E+01
    1373   1.649700E+01   2.302600E+01
    1374   1.834000E+01   2.308000E+01
    1375  -1.839600E+01   2.313400E+01
    1376   1.608500E+01   2.318800E+01
    1377   3.297400E+01   2.324300E+01
    1378   2.207000E+01   2.329800E+01
    1379   4.556000E+01   2.335200E+01
    1380   8.243700E+01   2.340700E+01
    1381   3.248700E+01   2.346300E+01
    1382  -2.725700E+01   2.351800E+01
    1383   7.210000E+00   2.357400E+01
    1384   9.386000E+00   2.362900E+01
    1385   2.666100E+01   2.368500E+01
    1386   1.304000E+01   2.374200E+01
    1387   2.214600E+01   2.379800E+01
    1388   5.756000E+00   2.385500E+01
    1389  -8.945000E+00   2.391100E+01
    1390   1.859000E+00   2.396800E+01
    1391   5.958500E+01   2.402600E+01
    1392   2.012700E+01   2.408300E+01
    1393   1.078300E+01   2.414100E+01
    1394  -1.620000E-01   2.419900E+01
    1395   3.061000E+00   2.425700E+01
    1396   4.267800E+01   2.431500E+01
    1397   5.848200E+01   2.437400E+01
    1398   2.196200E+01   2.443300E+01
    1399   5.427000E+00   2.449200E+01
    1400   3.864000E+01   2.455100E+01
    1401   1.542200E+01   2.461100E+01
    1402   1.415900E+01   2.467000E+01
    1403   2.136200E+01   2.473000E+01
    1404   2.655000E+01   2.479100E+01
    1405   4.541600E+01   2.485100E+01
    1406  -6.407000E+00   2.491200E+01
    1407   1.121400E+01   2.497300E+01
    1408   1.021900E+01   2.503500E+01
    1409   7.084000E+00   2.509600E+01
    1410  -1.781500E+01   2.515800E+01
    1411   2.150400E+01   2.522000E+01
    1412  -1.082100E+01   2.528300E+01
    1413   1.967900E+01   2.534500E+01
    1414   5.270000E+00   2.540800E+01
    1415   1.397500E+01   2.547100E+01
    1416   3.940000E+01   2.553500E+01
    1417   8.090000E+00   2.559900E+01
    1418   2.649600E+01   2.566300E+01
    1419   5.565000E+01   2.572700E+01
    1420   9.360000E-01   2.579200E+01
    1421  -9.161000E+00   2.585700E+01
    1422  -5.823000E+00   2.592200E+01
    1423   9.264000E+00   2.598700E+01
    1424   3.940400E+01   2.605300E+01
    1425   1.479600E+01   2.611900E+01
    1426  -8.285000E+00   2.618600E+01
    1427   4.664600E+01   2.625200E+01
    1428  -2.216900E+01   2.631900E+01
    1429   3.860800E+01   2.638600E+01
    1430   7.737200E+01   2.645400E+01
    1431  -2.805300E+01   2.652200E+01
    1432  -3.581000E+00   2.659000E+01
    1433   1.858400E+01   2.665900E+01
    1434  -2.802900E+01   2.672700E+01
    1435   2.845000E+01   2.679600E+01
    1436   3.137400E+01   2.686600E+01
    1437   4.756400E+01   2.693500E+01
    1438   3.462000E+00   2.700600E+01
    1439   1.297600E+01   2.707600E+01
    1440   1.767600E+01   2.714700E+01
    1441  -8.560000E-01   2.721700E+01
    1442   3.896700E+01   2.728900E+01
    1443   1.800700E+01   2.736000E+01
    1444  -1.219400E+01   2.743200E+01
    1445  -3.117000E+01   2.750500E+01
    1446  -7.100000E+00   2.757700E+01
    1447   3.712400E+01   2.765000E+01
    1448   4.639500E+01   2.772300E+01
    1449   2.149400E+01   2.779700E+01
    1450  -6.695000E+01   2.787100E+01
    1451   3.510600E+01   2.794500E+01
    1452   3.700900E+01   2.801900E+01
    1453  -5.709900E+01   2.809400E+01
    1454  -1.314500E+01   2.816900E+01
    1455   3.543100E+01   2.824500E+01
    1456  -3.037500E+01   2.832000E+01
    1457   6.715000E+00   2.839600E+01
    1458   1.446300E+01   2.847300E+01
    1459   1.407700E+01   2.855000E+01
    1460   4.380400E+01   2.862700E+01
    1461   2.170000E+00   2.870400E+01
    1462   3.181300E+01   2.878200E+01
    1463   6.879000E+01   2.886000E+01
    1464   2.139400E+01   2.893800E+01
    1465   1.836100E+01   2.901700E+01
    1466   2.602000E+01   2.909600E+01
    1467  -3.253900E+01   2.917600E+01
    1468   2.683900E+01   2.925500E+01
    1469   1.935400E+01   2.933500E+01
    1470   2.786800E+01   2.941600E+01
    1471  -5.714200E+01   2.949600E+01
    1472   3.991000E+01   2.957700E+01
    1473   1.271500E+01   2.965900E+01
    1474   1.609400E+01   2.974000E+01
    1475   2.119800E+01   2.982200E+01
    1476   1.693800E+01   2.990500E+01
    1477   5.275500E+01   2.998700E+01
    1478   2.712500E+01   3.007000E+01
    1479  -3.136800E+01   3.015300E+01
    1480   2.743300E+01   3.023700E+01
    1481   6.212800E+01   3.032100E+01
    1482   5.055200E+01   3.040500E+01
    1483  -3.268200E+01   3.049000E+01
    1484  -1.941200E+01   3.057500E+01
    1485  -9.572000E+00   3.066000E+01
    1486   1.203400E+01   3.074600E+01
    1487   3.751200E+01   3.083100E+01
    1488   1.799500E+01   3.091800E+01
    1489   1.962600E+01   3.100400E+01
    1490  -8.960000E-01   3.109100E+01
    1491   1.618900E+01   3.117800E+01
    1492   2.614200E+01   3.126600E+01
    1493   1.426200E+01   3.135300E+01
    1494  -7.741000E+00   3.144100E+01
    1495   7.666000E+00   3.153000E+01
    1496   3.543100E+01   3.161900E+01
    1497   1.005000E+00   3.170800E+01
    1498   5.594000E+00   3.179700E+01
    1499   3.120000E+00   3.188700E+01
    1500   1.212800E+01   3.197700E+01
    1501   6.226000E+00   3.206700E+01
    1502  -5.625700E+01   3.215800E+01
    1503  -6.661000E+00   3.224800E+01
    1504   4.289800E+01   3.234000E+01
    1505   4.722900E+01   3.243100E+01
    1506  -2.183600E+01   3.252300E+01
    1507   5.997500E+01   3.261500E+01
    1508   6.883100E+01   3.270800E+01
    1509  -2.097700E+01   3.280000E+01
    1510   5.139300E+01   3.289300E+01
    1511   3.466000E+01   3.298700E+01
    1512   4.116900E+01   3.308000E+01
    1513   2.168000E+01   3.317400E+01
    1514   1.594300E+01   3.326800E+01
    1515   1.692800E+01   3.336300E+01
    1516   6.610000E+00   3.345800E+01
    1517   4.632000E+00   3.355300E+01
    1518   7.433000E+00   3.364800E+01
    1519   5.219400E+01   3.374400E+01
    1520  -2.948200E+01   3.384000E+01
    1521  -4.759100E+01   3.393600E+01
    1522   2.534700E+01   3.403300E+01
    1523   3.130100E+01   3.413000E+01
    1524   6.878000E+01   3.422700E+01
    1525   6.390600E+01   3.432400E+01
    1526  -7.465100E+01   3.442200E+01
    1527  -6.195500E+01   3.452000E+01
    1528   2.124700E+01   3.461800E+01
    1529   6.189300E+01   3.471700E+01
    1530   2.971200E+01   3.481600E+01
    1531   3.117400E+01   3.491500E+01
    1532   2.255700E+01   3.501400E+01
    1533   8.211800E+01   3.511400E+01
    1534   9.892000E+00   3.521400E+01
    1535   5.222900E+01   3.531400E+01
    1536  -3.331000E+01   3.541500E+01
    1537   2.170500E+01   3.551600E+01
    1538   3.285500E+01   3.561700E+01
    1539   3.326700E+01   3.571800E+01
    1540   2.214000E+01   3.582000E+01
    1541   4.884600E+01   3.592200E+01
    1542   6.319700E+01   3.602400E+01
    1543  -3.081300E+01   3.612600E+01
    1544  -3.658500E+01   3.622900E+01
    1545   8.232000E+00   3.633200E+01
    1546   1.039000E+01   3.643500E+01
    1547   2.898400E+01   3.653900E+01
    1548   2.164900E+01   3.664200E+01
    1549   1.710900E+01   3.674600E+01
    1550   4.188500E+01   3.685100E+01
    1551   3.547600E+01   3.695500E+01
    1552   5.413800E+01   3.706000E+01
    1553  -4.775000E+00   3.716500E+01
    1554  -6.700100E+01   3.727000E+01
    1555   2.331200E+01   3.737600E+01
    1556   4.618200E+01   3.748200E+01
    1557   3.148700E+01   3.758800E+01
    1558   4.157700E+01   3.769400E+01
    1559   2.846400E+01   3.780100E+01
    1560   2.372200E+01   3.790800E+01
    1561  -4.416500E+01   3.801500E+01
    1562   5.684600E+01   3.812200E+01
    1563   1.397000E+01   3.823000E+01
    1564  -1.508300E+01   3.833800E+01
    1565   7.456000E+00   3.844600E+01
    1566   3.118700E+01   3.855500E+01
    1567   8.054400E+01   3.866300E+01
    1568  -6.481900E+01   3.877200E+01
    1569   2.574600E+01   3.888100E+01
    1570  -1.012700E+01   3.899100E+01
    1571  -7.583000E+00   3.910000E+01
    1572   8.499800E+01   3.921000E+01
    1573  -2.425000E+01   3.932100E+01
    1574  -5.867100E+01   3.943100E+01
    1575  -3.461200E+01   3.954200E+01
    1576  -3.192600E+01   3.965300E+01
    1577  -2.072000E+00   3.976400E+01
    1578   2.815200E+01   3.987500E+01
    1579   3.795500E+01   3.998700E+01
    1580   1.248600E+01   4.009900E+01
    1581  -1.797700E+01   4.021100E+01
    1582   3.985800E+01   4.032400E+01
    1583  -1.082800E+01   4.043600E+01
    1584  -3.082500E+01   4.054900E+01
    1585   5.140700E+01   4.066300E+01
    1586   1.043700E+01   4.077600E+01
    1587   4.186700E+01   4.089000E+01
    1588   5.808300E+01   4.100400E+01
    1589   3.141100E+01   4.111800E+01
    1590   7.878000E+00   4.123300E+01
    1591   9.671000E+00   4.134700E+01
    1592   8.776300E+01   4.146200E+01
    1593   4.217800E+01   4.157800E+01
    1594   5.302000E+00   4.169300E+01
    1595  -4.256400E+01   4.180900E+01
    1596  -3.010900E+01   4.192500E+01
    1597   4.588200E+01   4.204100E+01
    1598   4.370600E+01   4.215800E+01
    1599   2.744500E+01   4.227500E+01
    1600   5.735000E+00   4.239200E+01
    1601   3.863900E+01   4.250900E+01
    1602  -5.359100E+01   4.262700E+01
    1603   2.259800E+01   4.274500E+01
    1604   6.195600E+01   4.286300E+01
    1605   4.946200E+01   4.298200E+01
    1606   2.245800E+01   4.310000E+01
    1607   7.228000E+00   4.321900E+01
    1608   2.295400E+01   4.333800E+01
    1609  -1.670900E+01   4.345800E+01
    1610   2.123600E+01   4.357800E+01
    1611   1.471680E+02   4.369800E+01
    1612  -3.357400E+01   4.381800E+01
    1613   4.949200E+01   4.393900E+01
    1614   1.030700E+01   4.406000E+01
    1615   6.746600E+01   4.418100E+01
    1616  -5.157200E+01   4.430200E+01
    1617   6.824700E+01   4.442400E+01
    1618   7.363700E+01   4.454600E+01
    1619   1.005090E+02   4.466800E+01
    1620  -5.239200E+01   4.479100E+01
    1621   1.829000E+00   4.491400E+01
    1622   8.432700E+01   4.503700E+01
    1623   4.169800E+01   4.516000E+01
    1624  -5.689400E+01   4.528400E+01
    1625  -1.315100E+01   4.540800E+01
    1626   1.317260E+02   4.553200E+01
    1627  -3.981700E+01   4.565700E+01
    1628  -4.416100E+01   4.578200E+01
    1629   5.760800E+01   4.590700E+01
    1630   1.222700E+02   4.603200E+01
    1631   5.668600E+01   4.615800E+01
    1632   3.223200E+01   4.628400E+01
    1633  -4.764400E+01   4.641100E+01
    1634   1.627700E+01   4.653700E+01
    1635   8.443000E+00   4.666400E+01
    1636   5.097500E+01   4.679200E+01
    1637  -2.237100E+01   4.691900E+01
    1638   1.841200E+01   4.704700E+01
    1639   8.919200E+01   4.717600E+01
    1640   6.331300E+01   4.730400E+01
    1641  -2.337000E+00   4.743300E+01
    1642   2.635300E+01   4.756300E+01
    1643   2.458500E+01   4.769200E+01
    1644  -2.964000E+01   4.782200E+01
    1645   2.147300E+01   4.795200E+01
    1646   7.259800E+01   4.808300E+01
    1647  -3.958000E+00   4.821400E+01
    1648   3.383500E+01   4.834500E+01
    1649   1.290000E-01   4.847700E+01
    1650   7.518000E+01   4.860900E+01
    1651   7.066500E+01   4.874100E+01
    1652   1.717700E+01   4.887400E+01
    1653  -9.736000E+00   4.900700E+01
    1654  -2.229000E+00   4.914000E+01
    1655  -3.755900E+01   4.927400E+01
    1656   3.701100E+01   4.940800E+01
    1657   7.396000E+01   4.954200E+01
    1658  -1.656500E+01   4.967700E+01
    1659   6.823000E+00   4.981200E+01
    1660  -5.129000E+00   4.994700E+01
    1661   6.021600E+01   5.008300E+01
    1662   8.094000E+00   5.022000E+01
    1663  -8.888300E+01   5.035600E+01
    1664   1.489910E+02   5.049300E+01
    1665   7.182500E+01   5.063100E+01
    1666   4.392800E+01   5.076800E+01
    1667  -5.493200E+01   5.090600E+01
    1668   8.296200E+01   5.104500E+01
    1669   3.444300E+01   5.118400E+01
    1670  -9.920000E-01   5.132300E+01
    1671   4.411300E+01   5.146300E+01
    1672  -6.701800E+01   5.160300E+01
    1673   2.712700E+01   5.174300E+01
    1674   1.164090E+02   5.188400E+01
    1675   4.803400E+01   5.202600E+01
    1676   1.982800E+01   5.216700E+01
    1677  -4.783000E+00   5.230900E+01
    1678  -3.328000E+00   5.245200E+01
    1679   2.287100E+01   5.259500E+01
    1680  -5.023600E+01   5.273800E+01
    1681  -9.229000E+00   5.288200E+01
    1682   4.357500E+01   5.302600E+01
    1683   5.402200E+01   5.317100E+01
    1684  -1.983400E+01   5.331600E+01
    1685  -1.541700E+01   5.346100E+01
    1686   2.334000E+00   5.360700E+01
    1687   1.271290E+02   5.375300E+01
    1688  -2.628200E+01   5.390000E+01
    1689  -1.857700E+01   5.404700E+01
    1690   1.018270E+02   5.419500E+01
    1691   6.306000E+01   5.434300E+01
    1692   8.162900E+01   5.449100E+01
    1693  -3.865300E+01   5.464000E+01
    1694  -8.771100E+01   5.479000E+01
    1695  -2.890300E+01   5.494000E+01
    1696  -1.719500E+01   5.509000E+01
    1697   4.659400E+01   5.524100E+01
    1698  -3.310800E+01   5.539200E+01
    1699  -4.917800E+01   5.554400E+01
    1700   7.912300E+01   5.569600E+01
    1701   2.999100E+01   5.584900E+01
    1702   5.701400E+01   5.600200E+01
    1703  -5.888000E+01   5.615600E+01
    1704  -2.754300E+01   5.631000E+01
    1705   5.363300E+01   5.646400E+01
    1706   2.957100E+01   5.661900E+01
    1707   1.826430E+02   5.677500E+01
    1708   7.228000E+00   5.693100E+01
    1709  -9.455500E+01   5.708800E+01
    1710   1.589900E+01   5.724500E+01
    1711   3.837300E+01   5.740200E+01
    1712  -2.401800E+01   5.756000E+01
    1713   6.742500E+01   5.771900E+01
    1714  -1.162380E+02   5.787800E+01
    1715  -7.442700E+01   5.803700E+01
    1716   1.444280E+02   5.819700E+01
    1717   6.913200E+01   5.835800E+01
    1718   1.015090E+02   5.851900E+01
    1719  -9.488900E+01   5.868100E+01
    1720  -5.497700E+01   5.884300E+01
    1721  -2.168800E+01   5.900500E+01
    1722   4.450400E+01   5.916800E+01
    1723   6.176900E+01   5.933200E+01
    1724  -2.598200E+01   5.949600E+01
    1725  -7.988000E+00   5.966100E+01
    1726  -8.064200E+01   5.982600E+01
    1727   9.486600E+01   5.999200E+01
    1728   3.399300E+01   6.015800E+01
    1729   2.936000E+00   6.032500E+01
    1730  -8.221600E+01   6.049300E+01
    1731   1.461000E+00   6.066100E+01
    1732   1.720970E+02   6.082900E+01
    1733   1.864700E+01   6.099800E+01
    1734  -7.180000E-01   6.116800E+01
    1735  -1.951700E+01   6.133800E+01
    1736   5.396900E+01   6.150900E+01
    1737   2.984400E+01   6.168000E+01
    1738   3.690800E+01   6.185200E+01
    1739   5.014300E+01   6.202400E+01
    1740   6.999200E+01   6.219700E+01
    1741  -7.546700E+01   6.237100E+01
    1742  -7.930000E-01   6.254500E+01
    1743   7.812000E+01   6.271900E+01
    1744   1.043940E+02   6.289500E+01
    1745  -1.979600E+01   6.307000E+01
    1746  -1.379000E+00   6.324700E+01
    1747   7.497700E+01   6.342400E+01
    1748   6.802400E+01   6.360100E+01
    1749   3.995400E+01   6.377900E+01
    1750   7.841200E+01   6.395800E+01
    1751   4.598100E+01   6.413700E+01
    1752   1.382100E+01   6.431700E+01
    1753   3.782100E+01   6.449800E+01
    1754   5.266600E+01   6.467900E+01
    1755   3.813700E+01   6.486000E+01
    1756  -7.973000E+00   6.504200E+01
    1757   4.084400E+01   6.522500E+01
    1758   4.491000E+01   6.540900E+01
    1759   1.228900E+01   6.559300E+01
    1760   1.501500E+01   6.577700E+01
    1761   6.573100E+01   6.596300E+01
    1762   1.187100E+02   6.614800E+01
    1763  -3.067700E+01   6.633500E+01
    1764  -8.325700E+01   6.652200E+01
    1765   9.355200E+01   6.671000E+01
    1766   1.848300E+01   6.689800E+01
    1767   2.655600E+01   6.708700E+01
    1768   2.329700E+01   6.727600E+01
    1769  -8.941100E+01   6.746600E+01
    1770   5.239600E+01   6.765700E+01
    1771   7.943000E+00   6.784900E+01
    1772  -5.952900E+01   6.804000E+01
    1773   7.087100E+01   6.823300E+01
    1774  -1.483600E+01   6.842600E+01
    1775  -1.937700E+01   6.862000E+01
    1776  -3.222100E+01   6.881500E+01
    1777   5.050000E+00   6.901000E+01
    1778   6.316100E+01   6.920600E+01
    1779  -2.293400E+01   6.940200E+01
    1780  -8.565400E+01   6.959900E+01
    1781  -2.436100E+01   6.979700E+01
    1782  -7.362000E+01   6.999500E+01
    1783   1.525000E+01   7.019400E+01
    1784  -2.557000E+01   7.039300E+01
    1785   1.072520E+02   7.059400E+01
    1786   2.888900E+01   7.079400E+01
    1787  -1.647160E+02   7.099600E+01
    1788  -5.386000E+00   7.119800E+01
    1789  -1.328850E+02   7.140100E+01
    1790   9.955500E+01   7.160400E+01
    1791   1.620000E+00   7.180800E+01
    1792  -1.565500E+01   7.201300E+01
    1793  -4.062300E+01   7.221900E+01
    1794  -5.223300E+01   7.242500E+01
    1795   3.499700E+01   7.263100E+01
    1796  -3.727800E+01   7.283900E+01
    1797  -1.724300E+01   7.304700E+01
    1798   1.684250E+02   7.325500E+01
    1799   1.148720E+02   7.346500E+01
    1800  -1.055010E+02   7.367500E+01
    1801   1.165880E+02   7.388500E+01
    1802   2.884600E+01   7.409700E+01
    1803   2.661600E+01   7.430900E+01
    1804   4.721300E+01   7.452100E+01
    1805   6.342400E+01   7.473500E+01
    1806   1.213330E+02   7.494900E+01
    1807   4.819400E+01   7.516300E+01
    1808  -5.663600E+01   7.537900E+01
    1809   2.786400E+01   7.559500E+01
    1810   6.193000E+00   7.581100E+01
    1811  -3.462000E+01   7.602900E+01
    1812   9.105200E+01   7.624700E+01
    1813   1.418680E+02   7.646500E+01
    1814  -2.617000E+00   7.668500E+01
    1815   7.488000E+00   7.690500E+01
    1816   1.250960E+02   7.712600E+01
    1817   2.450000E-01   7.734700E+01
    1818  -1.197130E+02   7.756900E+01
    1819  -4.512300E+01   7.779200E+01
    1820   7.176800E+01   7.801600E+01
    1821  -5.838300E+01   7.824000E+01
    1822   1.206040E+02   7.846500E+01
    1823   3.168400E+01   7.869000E+01
    1824  -6.051600E+01   7.891600E+01
    1825  -3.340500E+01   7.914300E+01
    1826  -7.915400E+01   7.937100E+01
    1827  -4.445000E+00   7.959900E+01
    1828   8.187500E+01   7.982800E+01
    1829   8.938600E+01   8.005800E+01
    1830   1.340480E+02   8.028900E+01
    1831   9.604000E+00   8.052000E+01
    1832  -8.628400E+01   8.075200E+01
    1833   5.334400E+01   8.098400E+01
    1834   8.640000E+00   8.121700E+01
    1835  -7.663000E+00   8.145100E+01
    1836   7.962800E+01   8.168600E+01
    1837  -6.688800E+01   8.192100E+01
    1838  -6.674300E+01   8.215700E+01
    1839  -5.295000E+00   8.239400E+01
    1840   1.095700E+02   8.263200E+01
    1841   7.070000E+01   8.287000E+01
    1842  -6.734400E+01   8.310900E+01
    1843  -2.205600E+01   8.334800E+01
    1844   1.788000E+01   8.358900E+01
    1845   2.492600E+01   8.383000E+01
    1846  -1.403190E+02   8.407200E+01
    1847  -2.345000E+00   8.431400E+01
    1848   4.622900E+01   8.455700E+01
    1849   1.403100E+01   8.480100E+01
    1850  -4.168400E+01   8.504600E+01
    1851  -1.018300E+01   8.529100E+01
    1852  -5.145500E+01   8.553700E+01
    1853   1.738000E+01   8.578400E+01
    1854  -8.456700E+01   8.603200E+01
    1855   4.233000E+01   8.628000E+01
    1856  -3.605000E+00   8.652900E+01
    1857  -1.835600E+01   8.677900E+01
    1858  -8.675000E+00   8.703000E+01
    1859   6.541900E+01   8.728100E+01
    1860  -3.529900E+01   8.753300E+01
    1861   1.975200E+01   8.778600E+01
    1862  -4.257800E+01   8.803900E+01
    1863  -1.299150E+02   8.829300E+01
    1864   2.391210E+02   8.854800E+01
    1865   6.399100E+01   8.880400E+01
    1866  -5.421100E+01   8.906000E+01
    1867   1.742570E+02   8.931800E+01
    1868  -2.410100E+01   8.957600E+01
    1869   1.605600E+01   8.983400E+01
    1870   8.652200E+01   9.009400E+01
    1871   6.749700E+01   9.035400E+01
    1872  -7.788500E+01   9.061500E+01
    1873  -1.080900E+01   9.087700E+01
    1874   6.611900E+01   9.113900E+01
    1875   1.920070E+02   9.140200E+01
    1876   4.095100E+01   9.166600E+01
    1877   4.172000E+01   9.193100E+01
    1878  -1.800750E+02   9.219700E+01
    1879  -2.027900E+01   9.246300E+01
    1880   1.396650E+02   9.273000E+01
    1881   6.702200E+01   9.299800E+01
    1882   9.803700E+01   9.326700E+01
    1883  -9.786100E+01   9.353600E+01
    1884   4.859200E+01   9.380600E+01
    1885   4.330600E+01   9.407700E+01
    1886   2.946300E+01   9.434900E+01
    1887   6.823000E+00   9.462200E+01
    1888  -1.719990E+02   9.489500E+01
    1889  -2.042300E+01   9.516900E+01
    1890   6.705000E+01   9.544400E+01
    1891   1.482240E+02   9.572000E+01
    1892   1.348880E+02   9.599600E+01
    1893  -1.556740E+02   9.627400E+01
    1894  -2.293200E+01   9.655200E+01
    1895  -2.276300E+01   9.683100E+01
    1896   9.032600E+01   9.711000E+01
    1897   3.928900E+01   9.739100E+01
    1898  -1.581730E+02   9.767200E+01
    1899   1.078140E+02   9.795400E+01
    1900   5.904300E+01   9.823700E+01
    1901  -2.232300E+01   9.852100E+01
    1902   6.161200E+01   9.880600E+01
    1903  -2.110090E+02   9.909100E+01
    1904  -1.105080E+02   9.937700E+01
    1905   3.262100E+01   9.966400E+01
    1906  -1.084110E+02   9.995200E+01
    1907  -3.430600E+01   1.002410E+02
    1908   5.516200E+01   1.005300E+02
    1909  -1.028990E+02   1.008210E+02
    1910   1.910780E+02   1.011120E+02
    1911   1.376870E+02   1.014040E+02
    1912   4.872000E+00   1.016970E+02
    1913   1.032000E+01   1.019910E+02
    1914   6.072200E+01   1.022850E+02
    1915  -2.088700E+02   1.025810E+02
    1916   9.985000E+01   1.028770E+02
    1917   7.404900E+01   1.031740E+02
    1918   8.942500E+01   1.034720E+02
    1919  -1.797200E+01   1.037710E+02
    1920  -8.405500E+01   1.040700E+02
    1921   1.326840E+02   1.043710E+02
    1922   2.287100E+01   1.046720E+02
    1923  -5.387000E+01   1.049750E+02
    1924  -2.935000E+01   1.052780E+02
    1925   3.438200E+01   1.055820E+02
    1926  -2.150650E+02   1.058870E+02
    1927   1.661460E+02   1.061920E+02
    1928   1.494270E+02   1.064990E+02
    1929  -5.425000E+01   1.068070E+02
    1930   1.507070E+02   1.071150E+02
    1931   1.674100E+01   1.074240E+02
    1932  -6.983500E+01   1.077350E+02
    1933   3.665000E+00   1.080460E+02
    1934   1.567770E+02   1.083580E+02
    1935  -2.874700E+01   1.086710E+02
    1936  -3.312800E+01   1.089850E+02
    1937   2.021350E+02   1.092990E+02
    1938  -2.044960E+02   1.096150E+02
    1939   3.620600E+01   1.099320E+02
    1940  -1.260500E+01   1.102490E+02
    1941  -1.561810E+02   1.105670E+02
    1942   1.369770E+02   1.108870E+02
    1943  -4.167500E+01   1.112070E+02
    1944   7.123600E+01   1.115280E+02
    1945   7.820800E+01   1.118500E+02
    1946  -4.833000E+01   1.121730E+02
    1947  -2.832400E+01   1.124970E+02
    1948   1.676690E+02   1.128220E+02
    1949  -1.646600E+01   1.131480E+02
    1950   8.365300E+01   1.134750E+02
    1951  -5.019500E+01   1.138030E+02
    1952  -9.351400E+01   1.141320E+02
    1953  -6.372400E+01   1.144610E+02
    1954  -1.444170E+02   1.147920E+02
    1955  -1.617720E+02   1.151240E+02
    1956   1.740200E+01   1.154560E+02
    1957  -4.845200E+01   1.157900E+02
    1958  -4.172400E+01   1.161250E+02
    1959   1.521810E+02   1.164600E+02
    1960  -3.102700E+01   1.167970E+02
    1961  -1.900720E+02   1.171340E+02
    1962  -1.874080E+02   1.174730E+02
    1963   8.578100E+01   1.178120E+02
    1964   1.099630E+02   1.181530E+02
    1965   1.222110E+02   1.184940E+02
    1966   8.706400E+01   1.188370E+02
    1967   7.821000E+00   1.191800E+02
    1968   7.856300E+01   1.195250E+02
    1969   5.183000E+00   1.198700E+02
    1970   4.772200E+01   1.202170E+02
    1971   1.808110E+02   1.205640E+02
    1972   1.208700E+01   1.209130E+02
    1973   5.079000E+01   1.212630E+02
    1974   4.906100E+01   1.216130E+02
    1975   1.877800E+01   1.219650E+02
    1976   3.975000E+01   1.223180E+02
    1977   3.515000E+00   1.226720E+02
    1978   8.841400E+01   1.230270E+02
    1979  -9.668200E+01   1.233830E+02
    1980   1.839320E+02   1.237400E+02
    1981  -9.757000E+00   1.240980E+02
    1982  -8.436000E+00   1.244570E+02
    1983  -6.518600E+01   1.248170E+02
    1984  -1.739430E+02   1.251780E+02
    1985   1.085420E+02   1.255410E+02
    1986   3.507440E+02   1.259040E+02
    1987  -1.229100E+01   1.262690E+02
    1988  -1.577300E+01   1.266350E+02
    1989   1.002750E+02   1.270020E+02
    1990   3.445300E+01   1.273700E+02
    1991   1.062300E+01   1.277390E+02
    1992  -4.083500E+01   1.281100E+02
    1993   4.268000E+01   1.284850E+02
    1994   9.483800E+01   1.288590E+02
    1995  -1.977960E+02   1.293240E+02
    1996  -1.724670E+02   1.297010E+02
