     ELL          D_ELL            ERR
       I              E              E
               muKcmb^2       muKcmb^2
      30   1.096176E+03   2.781860E+02
      31   7.889860E+02   2.773450E+02
      32   1.550618E+03   2.767150E+02
      33   1.096446E+03   2.762670E+02
      34   9.873300E+02   2.759970E+02
      35   7.481990E+02   2.758760E+02
      36   1.119384E+03   2.758800E+02
      37   1.521577E+03   2.760310E+02
      38   1.293957E+03   2.763020E+02
      39   1.267823E+03   2.766660E+02
      40   1.726613E+03   2.771410E+02
      41   1.415723E+03   2.777040E+02
      42   1.407433E+03   2.783360E+02
      43   1.257749E+03   2.790290E+02
      44   1.411287E+03   2.797780E+02
      45   1.086264E+03   2.806110E+02
      46   1.167173E+03   2.814830E+02
      47   1.945625E+03   2.823690E+02
      48   1.004801E+03   2.832970E+02
      49   1.719975E+03   2.842780E+02
      50   1.704525E+03   2.852760E+02
      51   1.047183E+03   2.862790E+02
      52   1.592465E+03   2.873000E+02
      53   1.127526E+03   2.883790E+02
      54   1.178980E+03   2.894760E+02
      55   1.598655E+03   2.905770E+02
      56   1.540953E+03   2.917170E+02
      57   1.707266E+03   2.929040E+02
      58   1.731496E+03   2.941300E+02
      59   1.467220E+03   2.953830E+02
      60   1.797089E+03   2.966600E+02
      61   1.352036E+03   2.980040E+02
      62   2.212413E+03   2.993860E+02
      63   1.756353E+03   3.008470E+02
      64   1.248122E+03   3.023500E+02
      65   1.851959E+03   3.039070E+02
      66   1.625703E+03   3.055080E+02
      67   1.674692E+03   3.071560E+02
      68   1.774389E+03   3.088380E+02
      69   2.272156E+03   3.105580E+02
      70   1.877713E+03   3.123170E+02
      71   1.791546E+03   3.141060E+02
      72   1.529218E+03   3.159290E+02
      73   2.716885E+03   3.177770E+02
      74   2.019563E+03   3.196600E+02
      75   1.885369E+03   3.215630E+02
      76   1.891700E+03   3.234920E+02
      77   1.928174E+03   3.254490E+02
      78   1.670874E+03   3.274320E+02
      79   1.492009E+03   3.294440E+02
      80   2.311180E+03   3.314850E+02
      81   2.048104E+03   3.335480E+02
      82   2.812489E+03   3.356430E+02
      83   2.156383E+03   3.377600E+02
      84   1.552586E+03   3.399100E+02
      85   2.287951E+03   3.420830E+02
      86   2.544676E+03   3.442730E+02
      87   2.169713E+03   3.464850E+02
      88   1.788165E+03   3.487200E+02
      89   2.923684E+03   3.509840E+02
      90   2.256344E+03   3.532610E+02
      91   2.420611E+03   3.555600E+02
      92   2.577810E+03   3.578710E+02
      93   2.839689E+03   3.602120E+02
      94   2.170512E+03   3.625580E+02
      95   2.161933E+03   3.649350E+02
      96   2.386462E+03   3.673150E+02
      97   2.657205E+03   3.697130E+02
      98   2.215870E+03   3.721240E+02
      99   3.005500E+03   3.745580E+02
     100   2.922944E+03   3.770010E+02
     101   2.790997E+03   3.794550E+02
     102   2.914216E+03   3.819200E+02
     103   2.633627E+03   3.844050E+02
     104   3.048920E+03   3.868880E+02
     105   2.284035E+03   3.893920E+02
     106   2.800951E+03   3.919050E+02
     107   3.333309E+03   3.944230E+02
     108   3.928998E+03   3.969460E+02
     109   3.033088E+03   3.994710E+02
     110   3.428342E+03   4.020170E+02
     111   2.936308E+03   4.045560E+02
     112   3.050197E+03   4.071100E+02
     113   2.324539E+03   4.096550E+02
     114   2.213747E+03   4.122110E+02
     115   3.342905E+03   4.147740E+02
     116   4.325806E+03   4.173410E+02
     117   4.435381E+03   4.199070E+02
     118   3.454717E+03   4.224710E+02
     119   3.149621E+03   4.250350E+02
     120   2.658988E+03   4.276110E+02
     121   4.129985E+03   4.301620E+02
     122   3.439975E+03   4.327220E+02
     123   4.112952E+03   4.352740E+02
     124   2.956087E+03   4.378230E+02
     125   3.271624E+03   4.403730E+02
     126   3.326451E+03   4.428800E+02
     127   3.685647E+03   4.454190E+02
     128   3.809265E+03   4.479300E+02
     129   2.905447E+03   4.504280E+02
     130   4.019952E+03   4.529180E+02
     131   3.230864E+03   4.553920E+02
     132   2.895293E+03   4.578680E+02
     133   3.895380E+03   4.603140E+02
     134   3.576165E+03   4.627490E+02
     135   4.313821E+03   4.651900E+02
     136   4.665127E+03   4.675810E+02
     137   4.061542E+03   4.699720E+02
     138   3.947835E+03   4.723340E+02
     139   4.220890E+03   4.746810E+02
     140   3.812155E+03   4.770110E+02
     141   4.201613E+03   4.792990E+02
     142   4.509441E+03   4.815890E+02
     143   4.759355E+03   4.838390E+02
     144   3.898693E+03   4.860760E+02
     145   4.270562E+03   4.882850E+02
     146   4.237943E+03   4.904800E+02
     147   4.689131E+03   4.926340E+02
     148   3.749083E+03   4.947690E+02
     149   3.392011E+03   4.968740E+02
     150   4.537693E+03   4.989590E+02
     151   4.208377E+03   5.010040E+02
     152   4.587160E+03   5.030210E+02
     153   4.580110E+03   5.050130E+02
     154   3.937896E+03   5.069620E+02
     155   5.310256E+03   5.088890E+02
     156   4.328075E+03   5.107800E+02
     157   4.612317E+03   5.126360E+02
     158   5.530670E+03   5.144450E+02
     159   4.673818E+03   5.162340E+02
     160   5.309506E+03   5.179800E+02
     161   4.703674E+03   5.196940E+02
     162   4.598400E+03   5.213570E+02
     163   4.341599E+03   5.229960E+02
     164   4.712795E+03   5.245850E+02
     165   4.781894E+03   5.261410E+02
     166   5.336741E+03   5.276580E+02
     167   5.622117E+03   5.291200E+02
     168   5.493252E+03   5.305580E+02
     169   4.514269E+03   5.319330E+02
     170   4.195925E+03   5.332940E+02
     171   4.588038E+03   5.345800E+02
     172   5.200559E+03   5.358470E+02
     173   5.150113E+03   5.370550E+02
     174   4.884895E+03   5.382170E+02
     175   5.087838E+03   5.393390E+02
     176   5.059025E+03   5.404040E+02
     177   4.663558E+03   5.414350E+02
     178   4.516490E+03   5.424100E+02
     179   6.333253E+03   5.433370E+02
     180   5.213021E+03   5.442180E+02
     181   3.898131E+03   5.450480E+02
     182   4.355010E+03   5.458400E+02
     183   4.651567E+03   5.465780E+02
     184   5.558543E+03   5.472500E+02
     185   6.385579E+03   5.478900E+02
     186   5.751013E+03   5.484730E+02
     187   5.156655E+03   5.490060E+02
     188   6.335876E+03   5.494850E+02
     189   6.294836E+03   5.499050E+02
     190   5.952203E+03   5.502870E+02
     191   5.424575E+03   5.506000E+02
     192   6.345196E+03   5.508720E+02
     193   5.894873E+03   5.510970E+02
     194   5.502003E+03   5.512540E+02
     195   4.017847E+03   5.513750E+02
     196   5.551147E+03   5.514340E+02
     197   5.601363E+03   5.514600E+02
     198   5.645342E+03   5.514130E+02
     199   5.319975E+03   5.513130E+02
     200   5.223444E+03   5.511690E+02
     201   4.897989E+03   5.509610E+02
     202   6.125780E+03   5.507140E+02
     203   5.680527E+03   5.503920E+02
     204   5.325455E+03   5.500330E+02
     205   6.146303E+03   5.496190E+02
     206   5.328540E+03   5.491520E+02
     207   5.038366E+03   5.486290E+02
     208   5.723138E+03   5.480610E+02
     209   4.618913E+03   5.474410E+02
     210   5.414302E+03   5.467740E+02
     211   5.499707E+03   5.460380E+02
     212   5.867286E+03   5.452620E+02
     213   5.880065E+03   5.444330E+02
     214   5.260755E+03   5.435570E+02
     215   6.633606E+03   5.426150E+02
     216   5.778803E+03   5.416290E+02
     217   5.611984E+03   5.405910E+02
     218   6.248983E+03   5.395070E+02
     219   5.666534E+03   5.383670E+02
     220   6.346050E+03   5.371750E+02
     221   5.885737E+03   5.359370E+02
     222   5.753105E+03   5.346450E+02
     223   5.555902E+03   5.333140E+02
     224   6.096063E+03   5.319230E+02
     225   5.104303E+03   5.304970E+02
     226   5.936664E+03   5.290100E+02
     227   6.143502E+03   5.274920E+02
     228   4.730305E+03   5.259110E+02
     229   5.349855E+03   5.243010E+02
     230   5.653927E+03   5.226310E+02
     231   5.764313E+03   5.209250E+02
     232   6.645258E+03   5.191670E+02
     233   6.407009E+03   5.173660E+02
     234   4.523516E+03   5.155220E+02
     235   6.014618E+03   5.136370E+02
     236   6.074846E+03   5.117100E+02
     237   5.551843E+03   5.097300E+02
     238   5.922611E+03   5.077160E+02
     239   5.497459E+03   5.056610E+02
     240   6.048944E+03   5.035650E+02
     241   5.846277E+03   5.014300E+02
     242   5.397502E+03   4.992530E+02
     243   5.682936E+03   4.970430E+02
     244   5.187020E+03   4.947910E+02
     245   5.808621E+03   4.925030E+02
     246   5.729268E+03   4.901840E+02
     247   5.620163E+03   4.878200E+02
     248   6.011119E+03   4.854260E+02
     249   4.456113E+03   4.829970E+02
     250   5.083237E+03   4.805280E+02
     251   5.270708E+03   4.780360E+02
     252   5.699764E+03   4.755000E+02
     253   4.870753E+03   4.729400E+02
     254   4.409238E+03   4.703420E+02
     255   5.507978E+03   4.677170E+02
     256   6.079186E+03   4.650650E+02
     257   5.254675E+03   4.623810E+02
     258   5.422963E+03   4.596700E+02
     259   4.555928E+03   4.569310E+02
     260   5.700215E+03   4.541690E+02
     261   5.234513E+03   4.513820E+02
     262   5.509534E+03   4.485670E+02
     263   6.088044E+03   4.457280E+02
     264   4.814191E+03   4.428670E+02
     265   4.152562E+03   4.399860E+02
     266   5.567865E+03   4.370750E+02
     267   5.072891E+03   4.341490E+02
     268   5.564031E+03   4.312010E+02
     269   4.783514E+03   4.282330E+02
     270   4.256171E+03   4.252490E+02
     271   5.566210E+03   4.222430E+02
     272   5.839838E+03   4.192240E+02
     273   4.864321E+03   4.161850E+02
     274   5.329004E+03   4.131350E+02
     275   4.649968E+03   4.100690E+02
     276   4.009706E+03   4.069890E+02
     277   5.559627E+03   4.038960E+02
     278   4.992963E+03   4.007940E+02
     279   5.087996E+03   3.976760E+02
     280   4.343212E+03   3.945500E+02
     281   4.697718E+03   3.914130E+02
     282   4.983011E+03   3.882700E+02
     283   5.518384E+03   3.851170E+02
     284   4.432385E+03   3.819560E+02
     285   3.725675E+03   3.787880E+02
     286   4.601760E+03   3.756170E+02
     287   4.446379E+03   3.724410E+02
     288   4.170456E+03   3.692600E+02
     289   4.961120E+03   3.660740E+02
     290   4.570173E+03   3.628870E+02
     291   3.527256E+03   3.596980E+02
     292   4.674134E+03   3.565070E+02
     293   4.500454E+03   3.533170E+02
     294   4.108500E+03   3.501240E+02
     295   4.482851E+03   3.469340E+02
     296   4.707322E+03   3.437450E+02
     297   3.822555E+03   3.405610E+02
     298   4.036057E+03   3.373770E+02
     299   3.964403E+03   3.341970E+02
     300   4.547998E+03   3.310230E+02
     301   3.850101E+03   3.278550E+02
     302   4.037639E+03   3.246910E+02
     303   3.234489E+03   3.215340E+02
     304   3.892419E+03   3.183840E+02
     305   4.201519E+03   3.152440E+02
     306   3.619063E+03   3.121100E+02
     307   3.462747E+03   3.089880E+02
     308   4.196765E+03   3.058730E+02
     309   3.835907E+03   3.027710E+02
     310   3.625848E+03   2.996820E+02
     311   3.817567E+03   2.966030E+02
     312   3.463077E+03   2.935350E+02
     313   3.683690E+03   2.904820E+02
     314   3.053906E+03   2.874430E+02
     315   3.743118E+03   2.844200E+02
     316   3.964536E+03   2.814100E+02
     317   3.048258E+03   2.784170E+02
     318   3.139089E+03   2.754420E+02
     319   3.691994E+03   2.724830E+02
     320   3.690751E+03   2.695430E+02
     321   3.088828E+03   2.666200E+02
     322   3.663382E+03   2.637170E+02
     323   3.292046E+03   2.608330E+02
     324   3.117370E+03   2.579700E+02
     325   3.366337E+03   2.551270E+02
     326   3.671342E+03   2.523040E+02
     327   2.956002E+03   2.495060E+02
     328   3.397810E+03   2.467280E+02
     329   3.416062E+03   2.439750E+02
     330   2.991480E+03   2.412430E+02
     331   3.113200E+03   2.385370E+02
     332   2.968984E+03   2.358540E+02
     333   2.717200E+03   2.331960E+02
     334   2.791527E+03   2.305650E+02
     335   2.787237E+03   2.279590E+02
     336   3.046582E+03   2.253810E+02
     337   2.762744E+03   2.228300E+02
     338   2.953028E+03   2.203050E+02
     339   2.729407E+03   2.178090E+02
     340   2.823215E+03   2.153410E+02
     341   2.806654E+03   2.129020E+02
     342   2.868623E+03   2.104920E+02
     343   2.485551E+03   2.081110E+02
     344   2.619613E+03   2.057590E+02
     345   2.363611E+03   2.034380E+02
     346   2.514288E+03   2.011470E+02
     347   2.349306E+03   1.988870E+02
     348   2.472777E+03   1.966580E+02
     349   2.412190E+03   1.944600E+02
     350   2.401695E+03   1.922940E+02
     351   2.851784E+03   1.901610E+02
     352   2.360288E+03   1.880600E+02
     353   2.784255E+03   1.859910E+02
     354   2.666071E+03   1.839560E+02
     355   2.319537E+03   1.819540E+02
     356   2.093699E+03   1.799850E+02
     357   2.352688E+03   1.780500E+02
     358   2.278991E+03   1.761480E+02
     359   2.066904E+03   1.742800E+02
     360   2.314670E+03   1.724460E+02
     361   2.442074E+03   1.706450E+02
     362   2.223050E+03   1.688790E+02
     363   2.147453E+03   1.671470E+02
     364   2.692403E+03   1.654500E+02
     365   1.952667E+03   1.637860E+02
     366   1.845090E+03   1.621580E+02
     367   2.114139E+03   1.605640E+02
     368   2.011785E+03   1.590050E+02
     369   2.225087E+03   1.574820E+02
     370   1.969864E+03   1.559930E+02
     371   2.234181E+03   1.545390E+02
     372   1.959007E+03   1.531200E+02
     373   2.127991E+03   1.517370E+02
     374   1.977213E+03   1.503880E+02
     375   2.118965E+03   1.490730E+02
     376   1.991361E+03   1.477940E+02
     377   1.783707E+03   1.465490E+02
     378   2.197566E+03   1.453380E+02
     379   2.459671E+03   1.441620E+02
     380   1.776076E+03   1.430200E+02
     381   1.884276E+03   1.419130E+02
     382   1.601966E+03   1.408390E+02
     383   1.976898E+03   1.398000E+02
     384   2.004402E+03   1.387950E+02
     385   1.615073E+03   1.378240E+02
     386   1.706131E+03   1.368870E+02
     387   2.003200E+03   1.359830E+02
     388   1.800142E+03   1.351140E+02
     389   1.666228E+03   1.342770E+02
     390   1.901962E+03   1.334740E+02
     391   1.718635E+03   1.327030E+02
     392   1.943768E+03   1.319640E+02
     393   1.759470E+03   1.312580E+02
     394   1.886384E+03   1.305830E+02
     395   1.674203E+03   1.299410E+02
     396   1.740250E+03   1.293290E+02
     397   1.776574E+03   1.287480E+02
     398   1.659475E+03   1.281970E+02
     399   1.853408E+03   1.276780E+02
     400   1.749677E+03   1.271880E+02
     401   1.800629E+03   1.267280E+02
     402   1.893636E+03   1.262970E+02
     403   1.514403E+03   1.258950E+02
     404   1.580190E+03   1.255230E+02
     405   1.742820E+03   1.251790E+02
     406   1.867917E+03   1.248620E+02
     407   1.802944E+03   1.245740E+02
     408   1.735898E+03   1.243120E+02
     409   1.692570E+03   1.240770E+02
     410   1.751606E+03   1.238680E+02
     411   1.661534E+03   1.236850E+02
     412   1.631646E+03   1.235280E+02
     413   1.801983E+03   1.233950E+02
     414   1.712271E+03   1.232870E+02
     415   1.982011E+03   1.232020E+02
     416   1.721240E+03   1.231410E+02
     417   1.390635E+03   1.231030E+02
     418   1.703867E+03   1.230890E+02
     419   1.802426E+03   1.230960E+02
     420   1.830737E+03   1.231250E+02
     421   1.638995E+03   1.231750E+02
     422   1.653743E+03   1.232460E+02
     423   1.819514E+03   1.233380E+02
     424   1.793895E+03   1.234490E+02
     425   1.508037E+03   1.235800E+02
     426   1.622443E+03   1.237290E+02
     427   1.738055E+03   1.238970E+02
     428   1.795113E+03   1.240820E+02
     429   1.953404E+03   1.242850E+02
     430   1.894426E+03   1.245050E+02
     431   1.659661E+03   1.247410E+02
     432   1.956505E+03   1.249930E+02
     433   1.632788E+03   1.252600E+02
     434   1.944305E+03   1.255420E+02
     435   1.841690E+03   1.258380E+02
     436   1.542182E+03   1.261490E+02
     437   2.050109E+03   1.264730E+02
     438   1.852110E+03   1.268100E+02
     439   1.497370E+03   1.271600E+02
     440   1.726486E+03   1.275220E+02
     441   1.834855E+03   1.278950E+02
     442   2.044319E+03   1.282800E+02
     443   1.897146E+03   1.286750E+02
     444   1.850927E+03   1.290800E+02
     445   1.774431E+03   1.294940E+02
     446   1.717994E+03   1.299180E+02
     447   1.723352E+03   1.303500E+02
     448   1.784110E+03   1.307910E+02
     449   1.881231E+03   1.312390E+02
     450   2.020168E+03   1.316940E+02
     451   1.828142E+03   1.321550E+02
     452   2.164395E+03   1.326240E+02
     453   1.904223E+03   1.330970E+02
     454   2.007947E+03   1.335760E+02
     455   2.134596E+03   1.340600E+02
     456   2.251455E+03   1.345490E+02
     457   1.974324E+03   1.350410E+02
     458   1.976136E+03   1.355370E+02
     459   2.166591E+03   1.360360E+02
     460   1.946264E+03   1.365380E+02
     461   2.186124E+03   1.370420E+02
     462   2.315229E+03   1.375490E+02
     463   2.213577E+03   1.380560E+02
     464   2.113861E+03   1.385650E+02
     465   2.485445E+03   1.390740E+02
     466   2.162547E+03   1.395840E+02
     467   2.251199E+03   1.400940E+02
     468   2.333186E+03   1.406040E+02
     469   2.131317E+03   1.411120E+02
     470   1.983772E+03   1.416200E+02
     471   2.332528E+03   1.421250E+02
     472   2.135390E+03   1.426300E+02
     473   2.254202E+03   1.431310E+02
     474   2.018638E+03   1.436300E+02
     475   2.191649E+03   1.441260E+02
     476   2.291696E+03   1.446190E+02
     477   2.275433E+03   1.451080E+02
     478   2.191108E+03   1.455930E+02
     479   2.483098E+03   1.460730E+02
     480   2.312884E+03   1.465490E+02
     481   2.438655E+03   1.470190E+02
     482   2.180722E+03   1.474840E+02
     483   2.546822E+03   1.479430E+02
     484   2.200636E+03   1.483960E+02
     485   2.073970E+03   1.488430E+02
     486   2.488455E+03   1.492820E+02
     487   2.245604E+03   1.497150E+02
     488   2.449372E+03   1.501400E+02
     489   2.050737E+03   1.505560E+02
     490   2.446109E+03   1.509650E+02
     491   2.465940E+03   1.513660E+02
     492   2.516355E+03   1.517580E+02
     493   2.653997E+03   1.521410E+02
     494   2.637301E+03   1.525150E+02
     495   2.301934E+03   1.528800E+02
     496   2.061108E+03   1.532350E+02
     497   2.217640E+03   1.535810E+02
     498   2.382145E+03   1.539170E+02
     499   2.525544E+03   1.542430E+02
     500   2.563537E+03   1.545580E+02
     501   2.661573E+03   1.548630E+02
     502   2.436803E+03   1.551570E+02
     503   2.393353E+03   1.554400E+02
     504   2.758726E+03   1.557120E+02
     505   2.654205E+03   1.559720E+02
     506   2.388986E+03   1.562210E+02
     507   2.470097E+03   1.564570E+02
     508   2.427595E+03   1.566830E+02
     509   2.566485E+03   1.568960E+02
     510   2.745820E+03   1.570970E+02
     511   2.457469E+03   1.572870E+02
     512   2.847511E+03   1.574640E+02
     513   2.670844E+03   1.576280E+02
     514   2.339653E+03   1.577810E+02
     515   2.597187E+03   1.579210E+02
     516   2.543241E+03   1.580480E+02
     517   2.575554E+03   1.581630E+02
     518   2.579338E+03   1.582650E+02
     519   2.571870E+03   1.583540E+02
     520   2.518696E+03   1.584300E+02
     521   2.418158E+03   1.584930E+02
     522   2.865382E+03   1.585440E+02
     523   2.751981E+03   1.585810E+02
     524   2.546467E+03   1.586050E+02
     525   2.534759E+03   1.586160E+02
     526   2.354041E+03   1.586050E+02
     527   2.477899E+03   1.585900E+02
     528   2.671449E+03   1.585620E+02
     529   2.797756E+03   1.585210E+02
     530   2.359648E+03   1.584670E+02
     531   2.719904E+03   1.583990E+02
     532   2.438192E+03   1.583190E+02
     533   2.457995E+03   1.582260E+02
     534   2.505574E+03   1.581200E+02
     535   2.689989E+03   1.580010E+02
     536   2.423146E+03   1.578690E+02
     537   2.351284E+03   1.577250E+02
     538   2.693799E+03   1.575680E+02
     539   2.565737E+03   1.573980E+02
     540   2.581971E+03   1.572050E+02
     541   2.423369E+03   1.570090E+02
     542   2.397870E+03   1.568020E+02
     543   2.384152E+03   1.565820E+02
     544   2.628825E+03   1.563500E+02
     545   2.580090E+03   1.561060E+02
     546   2.600993E+03   1.558500E+02
     547   2.539287E+03   1.555830E+02
     548   2.694606E+03   1.553030E+02
     549   2.419009E+03   1.550130E+02
     550   2.266033E+03   1.547120E+02
     551   2.465729E+03   1.543990E+02
     552   2.582528E+03   1.540750E+02
     553   2.467172E+03   1.537410E+02
     554   2.822023E+03   1.533960E+02
     555   2.594821E+03   1.530410E+02
     556   2.672078E+03   1.526750E+02
     557   2.494267E+03   1.522990E+02
     558   2.701080E+03   1.519140E+02
     559   2.447562E+03   1.515180E+02
     560   2.324602E+03   1.511130E+02
     561   2.693736E+03   1.506990E+02
     562   2.603436E+03   1.502760E+02
     563   2.561228E+03   1.498430E+02
     564   2.417044E+03   1.494020E+02
     565   2.428008E+03   1.489520E+02
     566   2.552249E+03   1.484940E+02
     567   2.855656E+03   1.480280E+02
     568   2.450936E+03   1.475530E+02
     569   2.570631E+03   1.470710E+02
     570   2.231548E+03   1.465970E+02
     571   2.366944E+03   1.461000E+02
     572   2.424044E+03   1.455960E+02
     573   2.345408E+03   1.450850E+02
     574   2.512021E+03   1.445680E+02
     575   2.381216E+03   1.440440E+02
     576   2.437922E+03   1.435140E+02
     577   2.693008E+03   1.429780E+02
     578   2.438513E+03   1.424360E+02
     579   2.364085E+03   1.418890E+02
     580   2.518884E+03   1.413360E+02
     581   2.600373E+03   1.407780E+02
     582   2.152257E+03   1.402160E+02
     583   2.365009E+03   1.396670E+02
     584   2.266446E+03   1.390970E+02
     585   2.280285E+03   1.385220E+02
     586   2.414551E+03   1.379450E+02
     587   2.600868E+03   1.373640E+02
     588   2.536638E+03   1.367800E+02
     589   2.435783E+03   1.361930E+02
     590   2.333940E+03   1.356030E+02
     591   2.197037E+03   1.350120E+02
     592   2.359066E+03   1.344180E+02
     593   2.280672E+03   1.338220E+02
     594   2.178537E+03   1.332250E+02
     595   2.215168E+03   1.326270E+02
     596   2.150162E+03   1.320280E+02
     597   2.185494E+03   1.314280E+02
     598   2.234946E+03   1.308270E+02
     599   2.203983E+03   1.302260E+02
     600   2.226249E+03   1.296250E+02
     601   2.439112E+03   1.290250E+02
     602   2.228767E+03   1.284250E+02
     603   1.967072E+03   1.278260E+02
     604   1.957868E+03   1.272280E+02
     605   2.136550E+03   1.266320E+02
     606   2.313381E+03   1.260370E+02
     607   2.275212E+03   1.254430E+02
     608   2.227222E+03   1.248520E+02
     609   1.926078E+03   1.242640E+02
     610   2.193299E+03   1.236780E+02
     611   2.079089E+03   1.230940E+02
     612   1.957261E+03   1.225140E+02
     613   2.215984E+03   1.219370E+02
     614   2.264132E+03   1.213640E+02
     615   2.415412E+03   1.207940E+02
     616   1.947959E+03   1.202280E+02
     617   2.126494E+03   1.196670E+02
     618   2.012884E+03   1.191100E+02
     619   1.879526E+03   1.185570E+02
     620   2.186495E+03   1.180100E+02
     621   2.171420E+03   1.174670E+02
     622   1.875199E+03   1.169300E+02
     623   1.862619E+03   1.163980E+02
     624   2.042790E+03   1.158730E+02
     625   2.052179E+03   1.153530E+02
     626   1.904668E+03   1.148390E+02
     627   1.997819E+03   1.143320E+02
     628   2.025085E+03   1.138310E+02
     629   1.843131E+03   1.133370E+02
     630   1.973308E+03   1.128500E+02
     631   2.027241E+03   1.123700E+02
     632   1.849328E+03   1.118970E+02
     633   1.783739E+03   1.114310E+02
     634   2.106455E+03   1.109730E+02
     635   2.016731E+03   1.105230E+02
     636   1.721075E+03   1.100800E+02
     637   1.961269E+03   1.096460E+02
     638   2.024694E+03   1.092190E+02
     639   1.928561E+03   1.088020E+02
     640   1.925675E+03   1.083920E+02
     641   2.064799E+03   1.079910E+02
     642   1.903573E+03   1.076000E+02
     643   2.013559E+03   1.072170E+02
     644   1.636372E+03   1.068430E+02
     645   1.657130E+03   1.064780E+02
     646   1.805394E+03   1.061230E+02
     647   1.805935E+03   1.057760E+02
     648   1.905946E+03   1.054400E+02
     649   1.984749E+03   1.051120E+02
     650   1.991687E+03   1.047940E+02
     651   1.768986E+03   1.044860E+02
     652   1.874738E+03   1.041870E+02
     653   1.790381E+03   1.038990E+02
     654   1.742062E+03   1.036200E+02
     655   1.931324E+03   1.033510E+02
     656   1.791472E+03   1.030930E+02
     657   1.755594E+03   1.028440E+02
     658   1.760921E+03   1.026060E+02
     659   1.931774E+03   1.023770E+02
     660   1.769193E+03   1.021600E+02
     661   1.775057E+03   1.019520E+02
     662   1.897245E+03   1.017550E+02
     663   2.092208E+03   1.015680E+02
     664   1.911838E+03   1.013920E+02
     665   1.739925E+03   1.012260E+02
     666   1.754646E+03   1.010700E+02
     667   1.812927E+03   1.009250E+02
     668   1.793991E+03   1.007900E+02
     669   1.726753E+03   1.006650E+02
     670   1.755398E+03   1.005510E+02
     671   1.823973E+03   1.004470E+02
     672   1.793951E+03   1.003540E+02
     673   1.882018E+03   1.002710E+02
     674   1.867309E+03   1.001980E+02
     675   1.879628E+03   1.001360E+02
     676   1.747167E+03   1.000840E+02
     677   1.823855E+03   1.000430E+02
     678   1.905505E+03   1.000120E+02
     679   1.741004E+03   9.999000E+01
     680   1.696570E+03   9.997900E+01
     681   1.641882E+03   9.997800E+01
     682   1.844255E+03   9.998700E+01
     683   1.680462E+03   1.000060E+02
     684   1.771885E+03   1.000340E+02
     685   1.931242E+03   1.000720E+02
     686   1.652963E+03   1.001190E+02
     687   1.851133E+03   1.001750E+02
     688   1.903237E+03   1.002410E+02
     689   1.847956E+03   1.003170E+02
     690   1.936482E+03   1.004010E+02
     691   1.680081E+03   1.004940E+02
     692   1.688995E+03   1.005960E+02
     693   1.917189E+03   1.007070E+02
     694   1.898532E+03   1.008270E+02
     695   1.778199E+03   1.009550E+02
     696   2.001983E+03   1.010910E+02
     697   1.980541E+03   1.012360E+02
     698   1.886950E+03   1.013890E+02
     699   1.733097E+03   1.015500E+02
     700   1.832662E+03   1.017190E+02
     701   1.863662E+03   1.018960E+02
     702   1.992393E+03   1.020800E+02
     703   1.978055E+03   1.022710E+02
     704   1.969014E+03   1.024700E+02
     705   1.798020E+03   1.026760E+02
     706   1.811342E+03   1.028890E+02
     707   1.812153E+03   1.031090E+02
     708   1.942038E+03   1.033360E+02
     709   1.863255E+03   1.035690E+02
     710   1.865736E+03   1.038090E+02
     711   1.978661E+03   1.040550E+02
     712   1.902528E+03   1.043080E+02
     713   1.919925E+03   1.045660E+02
     714   1.882370E+03   1.048300E+02
     715   1.681206E+03   1.050990E+02
     716   2.001778E+03   1.053730E+02
     717   2.000681E+03   1.056530E+02
     718   1.797280E+03   1.059370E+02
     719   2.034025E+03   1.062260E+02
     720   1.949519E+03   1.065200E+02
     721   1.803601E+03   1.068170E+02
     722   1.933798E+03   1.071190E+02
     723   2.200083E+03   1.074250E+02
     724   2.077298E+03   1.077340E+02
     725   2.065647E+03   1.080460E+02
     726   1.979420E+03   1.083620E+02
     727   1.978174E+03   1.086810E+02
     728   1.995097E+03   1.090020E+02
     729   1.931048E+03   1.093260E+02
     730   1.732210E+03   1.096530E+02
     731   2.043529E+03   1.099820E+02
     732   2.111643E+03   1.103130E+02
     733   2.038880E+03   1.106450E+02
     734   2.225077E+03   1.109800E+02
     735   1.932855E+03   1.113160E+02
     736   2.178658E+03   1.116530E+02
     737   2.158615E+03   1.119910E+02
     738   2.037464E+03   1.123300E+02
     739   1.972410E+03   1.126700E+02
     740   1.965479E+03   1.130100E+02
     741   2.243683E+03   1.133510E+02
     742   2.352087E+03   1.136920E+02
     743   2.117580E+03   1.140320E+02
     744   2.156172E+03   1.143730E+02
     745   2.254227E+03   1.147130E+02
     746   2.214679E+03   1.150520E+02
     747   2.351330E+03   1.153900E+02
     748   2.411339E+03   1.157280E+02
     749   2.390645E+03   1.160640E+02
     750   2.222118E+03   1.163980E+02
     751   2.304537E+03   1.167310E+02
     752   2.024911E+03   1.170620E+02
     753   2.268433E+03   1.173910E+02
     754   2.247909E+03   1.177180E+02
     755   2.172486E+03   1.180430E+02
     756   2.293148E+03   1.183640E+02
     757   2.513919E+03   1.186830E+02
     758   2.263258E+03   1.189990E+02
     759   2.269805E+03   1.193110E+02
     760   2.276842E+03   1.196200E+02
     761   2.477207E+03   1.199250E+02
     762   2.295367E+03   1.202270E+02
     763   2.295430E+03   1.205240E+02
     764   2.409512E+03   1.208180E+02
     765   2.272064E+03   1.211070E+02
     766   2.281833E+03   1.213910E+02
     767   2.313761E+03   1.216720E+02
     768   2.255953E+03   1.219480E+02
     769   2.523510E+03   1.222180E+02
     770   2.272456E+03   1.224840E+02
     771   2.504295E+03   1.227440E+02
     772   2.290297E+03   1.229990E+02
     773   2.322810E+03   1.232480E+02
     774   2.345953E+03   1.234910E+02
     775   2.348500E+03   1.237290E+02
     776   2.328294E+03   1.239600E+02
     777   2.472368E+03   1.241850E+02
     778   2.263716E+03   1.244040E+02
     779   2.306619E+03   1.246170E+02
     780   2.408937E+03   1.248220E+02
     781   2.279398E+03   1.250210E+02
     782   2.496047E+03   1.252130E+02
     783   2.265283E+03   1.253990E+02
     784   2.303438E+03   1.255770E+02
     785   2.745803E+03   1.257480E+02
     786   2.590594E+03   1.259120E+02
     787   2.493669E+03   1.260680E+02
     788   2.500523E+03   1.262170E+02
     789   2.414015E+03   1.263580E+02
     790   2.358581E+03   1.264960E+02
     791   2.614341E+03   1.266290E+02
     792   2.317685E+03   1.267540E+02
     793   2.446550E+03   1.268710E+02
     794   2.439428E+03   1.269800E+02
     795   2.445835E+03   1.270800E+02
     796   2.479527E+03   1.271720E+02
     797   2.508452E+03   1.272550E+02
     798   2.540246E+03   1.273300E+02
     799   2.565804E+03   1.273960E+02
     800   2.531439E+03   1.274530E+02
     801   2.260273E+03   1.275020E+02
     802   2.486011E+03   1.275420E+02
     803   2.572090E+03   1.275730E+02
     804   2.380549E+03   1.275950E+02
     805   2.442303E+03   1.276080E+02
     806   2.434903E+03   1.276130E+02
     807   2.590461E+03   1.276080E+02
     808   2.515190E+03   1.275940E+02
     809   2.438958E+03   1.275710E+02
     810   2.600055E+03   1.275390E+02
     811   2.469449E+03   1.274980E+02
     812   2.717962E+03   1.274470E+02
     813   2.607615E+03   1.273870E+02
     814   2.501040E+03   1.273180E+02
     815   2.491230E+03   1.272390E+02
     816   2.570460E+03   1.271520E+02
     817   2.509977E+03   1.270550E+02
     818   2.343386E+03   1.269490E+02
     819   2.740937E+03   1.268340E+02
     820   2.471296E+03   1.267090E+02
     821   2.478604E+03   1.265760E+02
     822   2.488140E+03   1.264330E+02
     823   2.596141E+03   1.262810E+02
     824   2.545243E+03   1.261200E+02
     825   2.470656E+03   1.259500E+02
     826   2.349212E+03   1.257710E+02
     827   2.668517E+03   1.255830E+02
     828   2.614965E+03   1.253860E+02
     829   2.626389E+03   1.251800E+02
     830   2.409138E+03   1.249660E+02
     831   2.598919E+03   1.247430E+02
     832   2.309629E+03   1.245110E+02
     833   2.450467E+03   1.242690E+02
     834   2.591010E+03   1.240200E+02
     835   2.545653E+03   1.237610E+02
     836   2.370954E+03   1.234940E+02
     837   2.547252E+03   1.232180E+02
     838   2.380818E+03   1.229330E+02
     839   2.457298E+03   1.226400E+02
     840   2.413689E+03   1.223390E+02
     841   2.563914E+03   1.220290E+02
     842   2.545868E+03   1.217110E+02
     843   2.571826E+03   1.213840E+02
     844   2.704210E+03   1.210490E+02
     845   2.391670E+03   1.207050E+02
     846   2.502113E+03   1.203540E+02
     847   2.246391E+03   1.199940E+02
     848   2.435592E+03   1.196260E+02
     849   2.370417E+03   1.192510E+02
     850   2.313340E+03   1.188680E+02
     851   2.500800E+03   1.184780E+02
     852   2.240553E+03   1.180800E+02
     853   2.491949E+03   1.176750E+02
     854   2.452691E+03   1.172620E+02
     855   2.429976E+03   1.168430E+02
     856   2.468663E+03   1.164170E+02
     857   2.280701E+03   1.159840E+02
     858   2.388625E+03   1.155440E+02
     859   2.189710E+03   1.150980E+02
     860   2.470813E+03   1.146460E+02
     861   2.396975E+03   1.141870E+02
     862   2.172030E+03   1.137220E+02
     863   2.314974E+03   1.132510E+02
     864   2.483317E+03   1.127740E+02
     865   2.224395E+03   1.122920E+02
     866   2.388364E+03   1.118030E+02
     867   2.362413E+03   1.113100E+02
     868   2.301180E+03   1.108140E+02
     869   2.077670E+03   1.103160E+02
     870   2.134923E+03   1.098130E+02
     871   2.238819E+03   1.093050E+02
     872   2.207062E+03   1.087920E+02
     873   2.176701E+03   1.082750E+02
     874   2.449867E+03   1.077530E+02
     875   2.164186E+03   1.072260E+02
     876   2.200140E+03   1.066960E+02
     877   2.304857E+03   1.061630E+02
     878   2.057575E+03   1.056270E+02
     879   2.097168E+03   1.050880E+02
     880   2.145407E+03   1.045440E+02
     881   1.981028E+03   1.039980E+02
     882   2.113029E+03   1.034480E+02
     883   1.935398E+03   1.028950E+02
     884   2.000481E+03   1.023390E+02
     885   2.221766E+03   1.017800E+02
     886   2.128119E+03   1.012180E+02
     887   2.152838E+03   1.006540E+02
     888   2.074247E+03   1.000880E+02
     889   1.984838E+03   9.951900E+01
     890   2.100822E+03   9.894800E+01
     891   2.077624E+03   9.837600E+01
     892   1.987935E+03   9.780100E+01
     893   2.096426E+03   9.722600E+01
     894   1.993035E+03   9.664800E+01
     895   2.092538E+03   9.606900E+01
     896   1.833850E+03   9.549000E+01
     897   1.903727E+03   9.490900E+01
     898   1.827398E+03   9.432700E+01
     899   1.744679E+03   9.374500E+01
     900   2.063845E+03   9.316200E+01
     901   1.826065E+03   9.257900E+01
     902   1.859273E+03   9.199500E+01
     903   2.149859E+03   9.141200E+01
     904   1.725090E+03   9.082800E+01
     905   1.747283E+03   9.024500E+01
     906   1.888112E+03   8.966200E+01
     907   1.840122E+03   8.907900E+01
     908   1.830534E+03   8.849700E+01
     909   1.721383E+03   8.791600E+01
     910   1.610829E+03   8.733600E+01
     911   1.902595E+03   8.675700E+01
     912   1.698451E+03   8.618000E+01
     913   1.854348E+03   8.560300E+01
     914   1.661500E+03   8.502900E+01
     915   1.648898E+03   8.445500E+01
     916   1.832608E+03   8.388400E+01
     917   1.771339E+03   8.331500E+01
     918   1.751787E+03   8.274800E+01
     919   1.667820E+03   8.218300E+01
     920   1.799538E+03   8.162000E+01
     921   1.800130E+03   8.106000E+01
     922   1.594316E+03   8.050300E+01
     923   1.598034E+03   7.994800E+01
     924   1.456607E+03   7.939600E+01
     925   1.389695E+03   7.884800E+01
     926   1.710253E+03   7.830200E+01
     927   1.541779E+03   7.776000E+01
     928   1.524681E+03   7.722200E+01
     929   1.683044E+03   7.668700E+01
     930   1.646093E+03   7.615600E+01
     931   1.641886E+03   7.562800E+01
     932   1.628948E+03   7.510500E+01
     933   1.481484E+03   7.458600E+01
     934   1.554818E+03   7.407100E+01
     935   1.376680E+03   7.356000E+01
     936   1.501946E+03   7.305300E+01
     937   1.443514E+03   7.255100E+01
     938   1.426819E+03   7.205400E+01
     939   1.659103E+03   7.156100E+01
     940   1.335651E+03   7.107300E+01
     941   1.436196E+03   7.058900E+01
     942   1.454507E+03   7.011000E+01
     943   1.384781E+03   6.963700E+01
     944   1.345213E+03   6.916800E+01
     945   1.436273E+03   6.870500E+01
     946   1.367964E+03   6.824700E+01
     947   1.293687E+03   6.779400E+01
     948   1.310461E+03   6.734600E+01
     949   1.311313E+03   6.690400E+01
     950   1.408600E+03   6.646800E+01
     951   1.440766E+03   6.603700E+01
     952   1.253752E+03   6.561100E+01
     953   1.345605E+03   6.519200E+01
     954   1.330527E+03   6.477800E+01
     955   1.285506E+03   6.437000E+01
     956   1.296100E+03   6.396800E+01
     957   1.465773E+03   6.357200E+01
     958   1.352262E+03   6.318200E+01
     959   1.237665E+03   6.279900E+01
     960   1.293325E+03   6.242100E+01
     961   1.275599E+03   6.205000E+01
     962   1.225818E+03   6.168500E+01
     963   1.136416E+03   6.132600E+01
     964   1.272441E+03   6.097400E+01
     965   1.115146E+03   6.062900E+01
     966   1.241237E+03   6.029000E+01
     967   1.260259E+03   5.995700E+01
     968   1.293625E+03   5.963200E+01
     969   1.268809E+03   5.931200E+01
     970   1.188956E+03   5.900000E+01
     971   1.225730E+03   5.869400E+01
     972   1.223342E+03   5.839400E+01
     973   1.115592E+03   5.810100E+01
     974   1.118245E+03   5.781500E+01
     975   1.189785E+03   5.753600E+01
     976   1.078941E+03   5.726300E+01
     977   1.116881E+03   5.699600E+01
     978   1.198793E+03   5.673700E+01
     979   1.066546E+03   5.648400E+01
     980   1.125148E+03   5.623700E+01
     981   1.141941E+03   5.599800E+01
     982   1.126122E+03   5.576500E+01
     983   1.123056E+03   5.553800E+01
     984   1.155578E+03   5.531900E+01
     985   1.095292E+03   5.510600E+01
     986   1.156199E+03   5.489900E+01
     987   1.111665E+03   5.469900E+01
     988   1.071162E+03   5.450600E+01
     989   1.125891E+03   5.431900E+01
     990   9.717000E+02   5.413900E+01
     991   1.090157E+03   5.396500E+01
     992   1.210283E+03   5.379800E+01
     993   1.156375E+03   5.363700E+01
     994   1.122498E+03   5.348200E+01
     995   1.035635E+03   5.333400E+01
     996   1.006124E+03   5.319200E+01
     997   1.084451E+03   5.305700E+01
     998   1.026699E+03   5.292800E+01
     999   1.050636E+03   5.280500E+01
    1000   9.738540E+02   5.268900E+01
    1001   1.045612E+03   5.257800E+01
    1002   1.012832E+03   5.247400E+01
    1003   1.110731E+03   5.237600E+01
    1004   1.017490E+03   5.228300E+01
    1005   1.035767E+03   5.219700E+01
    1006   9.983930E+02   5.211600E+01
    1007   1.051024E+03   5.204100E+01
    1008   9.722910E+02   5.197200E+01
    1009   1.097612E+03   5.190800E+01
    1010   1.118099E+03   5.185000E+01
    1011   1.068283E+03   5.179700E+01
    1012   9.484540E+02   5.174900E+01
    1013   1.084350E+03   5.170600E+01
    1014   1.134823E+03   5.166900E+01
    1015   1.113432E+03   5.163700E+01
    1016   1.060855E+03   5.161000E+01
    1017   1.087411E+03   5.158800E+01
    1018   9.507720E+02   5.157000E+01
    1019   1.167171E+03   5.155800E+01
    1020   9.799500E+02   5.155000E+01
    1021   1.018937E+03   5.154600E+01
    1022   1.042307E+03   5.154700E+01
    1023   1.002648E+03   5.155300E+01
    1024   1.073209E+03   5.156200E+01
    1025   9.798980E+02   5.157600E+01
    1026   1.059549E+03   5.159400E+01
    1027   9.701580E+02   5.161700E+01
    1028   1.060577E+03   5.164300E+01
    1029   1.024675E+03   5.167300E+01
    1030   1.008539E+03   5.170700E+01
    1031   1.004900E+03   5.174400E+01
    1032   1.054740E+03   5.178500E+01
    1033   1.070010E+03   5.183000E+01
    1034   1.104953E+03   5.187700E+01
    1035   1.090741E+03   5.192900E+01
    1036   1.012465E+03   5.198300E+01
    1037   1.000312E+03   5.204100E+01
    1038   1.099073E+03   5.210100E+01
    1039   1.096128E+03   5.216400E+01
    1040   1.086056E+03   5.223100E+01
    1041   1.078665E+03   5.229900E+01
    1042   9.871420E+02   5.237100E+01
    1043   9.970330E+02   5.244500E+01
    1044   1.140808E+03   5.252100E+01
    1045   1.016304E+03   5.259900E+01
    1046   1.068945E+03   5.268000E+01
    1047   1.064896E+03   5.276300E+01
    1048   1.020357E+03   5.284700E+01
    1049   1.168661E+03   5.293400E+01
    1050   1.067657E+03   5.302200E+01
    1051   1.070964E+03   5.311200E+01
    1052   1.121539E+03   5.320300E+01
    1053   1.110369E+03   5.329600E+01
    1054   1.163371E+03   5.339000E+01
    1055   1.048709E+03   5.348600E+01
    1056   1.112907E+03   5.358200E+01
    1057   1.070562E+03   5.368000E+01
    1058   1.178598E+03   5.377900E+01
    1059   1.251907E+03   5.387800E+01
    1060   1.178262E+03   5.397800E+01
    1061   1.084946E+03   5.407900E+01
    1062   1.074812E+03   5.418100E+01
    1063   1.072563E+03   5.428200E+01
    1064   1.003919E+03   5.438500E+01
    1065   1.150853E+03   5.448700E+01
    1066   1.148958E+03   5.459000E+01
    1067   1.154375E+03   5.469200E+01
    1068   1.142075E+03   5.479500E+01
    1069   1.185238E+03   5.489700E+01
    1070   1.128695E+03   5.499900E+01
    1071   1.118458E+03   5.510100E+01
    1072   1.055954E+03   5.520300E+01
    1073   1.149569E+03   5.530400E+01
    1074   1.208696E+03   5.540500E+01
    1075   1.163973E+03   5.550500E+01
    1076   1.224115E+03   5.560400E+01
    1077   1.137508E+03   5.570200E+01
    1078   1.094452E+03   5.580000E+01
    1079   1.229430E+03   5.589700E+01
    1080   1.113573E+03   5.599200E+01
    1081   1.124844E+03   5.608700E+01
    1082   1.228238E+03   5.618000E+01
    1083   1.244751E+03   5.627200E+01
    1084   1.282870E+03   5.636300E+01
    1085   1.204089E+03   5.645200E+01
    1086   1.246335E+03   5.654000E+01
    1087   1.308603E+03   5.662600E+01
    1088   1.045344E+03   5.671100E+01
    1089   1.244757E+03   5.679400E+01
    1090   1.265284E+03   5.687500E+01
    1091   1.185022E+03   5.695400E+01
    1092   1.254249E+03   5.703200E+01
    1093   1.279163E+03   5.710800E+01
    1094   1.143670E+03   5.718100E+01
    1095   1.257694E+03   5.725300E+01
    1096   1.097760E+03   5.732300E+01
    1097   1.203312E+03   5.739000E+01
    1098   1.250602E+03   5.745500E+01
    1099   1.110098E+03   5.751800E+01
    1100   1.289998E+03   5.757900E+01
    1101   1.271178E+03   5.763700E+01
    1102   1.157196E+03   5.769300E+01
    1103   1.275832E+03   5.774600E+01
    1104   1.215048E+03   5.779700E+01
    1105   1.222551E+03   5.784500E+01
    1106   1.079267E+03   5.789000E+01
    1107   1.266212E+03   5.793300E+01
    1108   1.203083E+03   5.797400E+01
    1109   1.180840E+03   5.801200E+01
    1110   1.295110E+03   5.804700E+01
    1111   1.193675E+03   5.807900E+01
    1112   1.206221E+03   5.810800E+01
    1113   1.276297E+03   5.813500E+01
    1114   1.162505E+03   5.815900E+01
    1115   1.117680E+03   5.818000E+01
    1116   1.294731E+03   5.819800E+01
    1117   1.290842E+03   5.821300E+01
    1118   1.266513E+03   5.822600E+01
    1119   1.230300E+03   5.823500E+01
    1120   1.219596E+03   5.824100E+01
    1121   1.216414E+03   5.824400E+01
    1122   1.302275E+03   5.824500E+01
    1123   1.256596E+03   5.824200E+01
    1124   1.191376E+03   5.823600E+01
    1125   1.241210E+03   5.822700E+01
    1126   1.241672E+03   5.821500E+01
    1127   1.320359E+03   5.820100E+01
    1128   1.275960E+03   5.818300E+01
    1129   1.217469E+03   5.816300E+01
    1130   1.218788E+03   5.814000E+01
    1131   1.209797E+03   5.811400E+01
    1132   1.216453E+03   5.808500E+01
    1133   1.241005E+03   5.805300E+01
    1134   1.178458E+03   5.801700E+01
    1135   1.155707E+03   5.797800E+01
    1136   1.298616E+03   5.793600E+01
    1137   1.209147E+03   5.789100E+01
    1138   1.201587E+03   5.784300E+01
    1139   1.124648E+03   5.779100E+01
    1140   1.244308E+03   5.773600E+01
    1141   1.177197E+03   5.767700E+01
    1142   1.243431E+03   5.761600E+01
    1143   1.278825E+03   5.755000E+01
    1144   1.107400E+03   5.748200E+01
    1145   1.296288E+03   5.741100E+01
    1146   1.269182E+03   5.733600E+01
    1147   1.236155E+03   5.725800E+01
    1148   1.322872E+03   5.717800E+01
    1149   1.124173E+03   5.709400E+01
    1150   1.134103E+03   5.700700E+01
    1151   1.235494E+03   5.691700E+01
    1152   1.175605E+03   5.682400E+01
    1153   1.244916E+03   5.672800E+01
    1154   1.141821E+03   5.663100E+01
    1155   1.299670E+03   5.653000E+01
    1156   1.247904E+03   5.642600E+01
    1157   1.268669E+03   5.632000E+01
    1158   1.202810E+03   5.621100E+01
    1159   1.180121E+03   5.609900E+01
    1160   1.142847E+03   5.598400E+01
    1161   1.250812E+03   5.586700E+01
    1162   1.220396E+03   5.574700E+01
    1163   1.121031E+03   5.562400E+01
    1164   1.190058E+03   5.549800E+01
    1165   1.136118E+03   5.537000E+01
    1166   1.168814E+03   5.524000E+01
    1167   1.173076E+03   5.510700E+01
    1168   1.170506E+03   5.497100E+01
    1169   1.106758E+03   5.483300E+01
    1170   1.146537E+03   5.469200E+01
    1171   1.113708E+03   5.455000E+01
    1172   1.087823E+03   5.440400E+01
    1173   1.174941E+03   5.425700E+01
    1174   1.234242E+03   5.410700E+01
    1175   1.120582E+03   5.395500E+01
    1176   1.092469E+03   5.380100E+01
    1177   1.108699E+03   5.364500E+01
    1178   1.141656E+03   5.348700E+01
    1179   1.188178E+03   5.332700E+01
    1180   1.149389E+03   5.316500E+01
    1181   1.101964E+03   5.300100E+01
    1182   1.214245E+03   5.283500E+01
    1183   1.090951E+03   5.266800E+01
    1184   1.139406E+03   5.249900E+01
    1185   1.085125E+03   5.232800E+01
    1186   1.116380E+03   5.215500E+01
    1187   1.140118E+03   5.198100E+01
    1188   1.160875E+03   5.180500E+01
    1189   1.056761E+03   5.162800E+01
    1190   1.099935E+03   5.144900E+01
    1191   1.158970E+03   5.127000E+01
    1192   1.025570E+03   5.108900E+01
    1193   1.099483E+03   5.090600E+01
    1194   1.033279E+03   5.072300E+01
    1195   1.115027E+03   5.053800E+01
    1196   1.096937E+03   5.038200E+01
    1197   1.073870E+03   5.019500E+01
    1198   1.066417E+03   5.125700E+01
    1199   1.001175E+03   5.105500E+01
    1200   1.006695E+03   5.092100E+01
    1201   9.906900E+02   5.071700E+01
    1202   9.578400E+02   5.051300E+01
    1203   9.537970E+02   5.030700E+01
    1204   1.074361E+03   5.010200E+01
    1205   9.906950E+02   4.989600E+01
    1206   1.004342E+03   4.968900E+01
    1207   9.929600E+02   4.948200E+01
    1208   9.503300E+02   4.927500E+01
    1209   9.431920E+02   4.906700E+01
    1210   1.042041E+03   4.885900E+01
    1211   9.138290E+02   4.865200E+01
    1212   1.038670E+03   4.844400E+01
    1213   9.739000E+02   4.823600E+01
    1214   8.861040E+02   4.802800E+01
    1215   1.021534E+03   4.782100E+01
    1216   1.036531E+03   4.761400E+01
    1217   9.758380E+02   4.740700E+01
    1218   9.368480E+02   4.720000E+01
    1219   1.101559E+03   4.699400E+01
    1220   9.089750E+02   4.678800E+01
    1221   9.266500E+02   4.658300E+01
    1222   9.269970E+02   4.637900E+01
    1223   9.546060E+02   4.617500E+01
    1224   9.501840E+02   4.597100E+01
    1225   9.426800E+02   4.576900E+01
    1226   9.332210E+02   4.556700E+01
    1227   9.338580E+02   4.536700E+01
    1228   8.844130E+02   4.516700E+01
    1229   8.245120E+02   4.496800E+01
    1230   9.611850E+02   4.477000E+01
    1231   8.736750E+02   4.457400E+01
    1232   9.070320E+02   4.437800E+01
    1233   8.857670E+02   4.418400E+01
    1234   8.958950E+02   4.399100E+01
    1235   8.935030E+02   4.380000E+01
    1236   8.764510E+02   4.360900E+01
    1237   8.966060E+02   4.342100E+01
    1238   8.473720E+02   4.323400E+01
    1239   8.713070E+02   4.304800E+01
    1240   9.648760E+02   4.286400E+01
    1241   8.903740E+02   4.268200E+01
    1242   9.154330E+02   4.250100E+01
    1243   9.022910E+02   4.232200E+01
    1244   8.214070E+02   4.214500E+01
    1245   8.610980E+02   4.197000E+01
    1246   8.589700E+02   4.179600E+01
    1247   8.190790E+02   4.162500E+01
    1248   8.928590E+02   4.145500E+01
    1249   9.203400E+02   4.128700E+01
    1250   8.457730E+02   4.112200E+01
    1251   8.167350E+02   4.095900E+01
    1252   7.884130E+02   4.079700E+01
    1253   7.793780E+02   4.063800E+01
    1254   9.002560E+02   4.048100E+01
    1255   7.718720E+02   4.032600E+01
    1256   7.953020E+02   4.017400E+01
    1257   8.140460E+02   4.002400E+01
    1258   7.606220E+02   3.987600E+01
    1259   8.621350E+02   3.973100E+01
    1260   7.912550E+02   3.958800E+01
    1261   7.941850E+02   3.944700E+01
    1262   8.092880E+02   3.930900E+01
    1263   7.818820E+02   3.917300E+01
    1264   7.600020E+02   3.904000E+01
    1265   7.871140E+02   3.890900E+01
    1266   7.203150E+02   3.878000E+01
    1267   7.230970E+02   3.865500E+01
    1268   7.964400E+02   3.853100E+01
    1269   8.156790E+02   3.841100E+01
    1270   7.845140E+02   3.829300E+01
    1271   7.794190E+02   3.817700E+01
    1272   7.885770E+02   3.806500E+01
    1273   7.675050E+02   3.795500E+01
    1274   7.311050E+02   3.784700E+01
    1275   7.448170E+02   3.774200E+01
    1276   7.856950E+02   3.764000E+01
    1277   7.970020E+02   3.754100E+01
    1278   7.523450E+02   3.744400E+01
    1279   7.162970E+02   3.735000E+01
    1280   7.404290E+02   3.725900E+01
    1281   7.393510E+02   3.717000E+01
    1282   7.271510E+02   3.708400E+01
    1283   7.494560E+02   3.700100E+01
    1284   7.501070E+02   3.692000E+01
    1285   7.156340E+02   3.684200E+01
    1286   7.903090E+02   3.676700E+01
    1287   6.945130E+02   3.669400E+01
    1288   7.162580E+02   3.662500E+01
    1289   7.679190E+02   3.655800E+01
    1290   8.202090E+02   3.649300E+01
    1291   6.820520E+02   3.643200E+01
    1292   8.278910E+02   3.637200E+01
    1293   7.756200E+02   3.631600E+01
    1294   7.335960E+02   3.626200E+01
    1295   7.294880E+02   3.621100E+01
    1296   7.550740E+02   3.616300E+01
    1297   6.779730E+02   3.611700E+01
    1298   7.448650E+02   3.607300E+01
    1299   7.480250E+02   3.603200E+01
    1300   7.669580E+02   3.599400E+01
    1301   7.214750E+02   3.595800E+01
    1302   7.406290E+02   3.592500E+01
    1303   7.086710E+02   3.589400E+01
    1304   7.060580E+02   3.586600E+01
    1305   7.741700E+02   3.584000E+01
    1306   7.367470E+02   3.581700E+01
    1307   6.553530E+02   3.579600E+01
    1308   6.545640E+02   3.577700E+01
    1309   7.060120E+02   3.576100E+01
    1310   7.433000E+02   3.574700E+01
    1311   7.557480E+02   3.573500E+01
    1312   6.956260E+02   3.572600E+01
    1313   7.271770E+02   3.571900E+01
    1314   7.235660E+02   3.571400E+01
    1315   7.430300E+02   3.571100E+01
    1316   7.636270E+02   3.571000E+01
    1317   7.393190E+02   3.571200E+01
    1318   6.704750E+02   3.571500E+01
    1319   6.764400E+02   3.572100E+01
    1320   7.224270E+02   3.572800E+01
    1321   7.405510E+02   3.573800E+01
    1322   7.512970E+02   3.574900E+01
    1323   6.688790E+02   3.576300E+01
    1324   7.065320E+02   3.577800E+01
    1325   7.072520E+02   3.579500E+01
    1326   6.944730E+02   3.581400E+01
    1327   7.764700E+02   3.583400E+01
    1328   7.321400E+02   3.585700E+01
    1329   7.406900E+02   3.588100E+01
    1330   7.306690E+02   3.590600E+01
    1331   7.325920E+02   3.593400E+01
    1332   6.860580E+02   3.596200E+01
    1333   7.292720E+02   3.599200E+01
    1334   8.204130E+02   3.602400E+01
    1335   6.908380E+02   3.605700E+01
    1336   7.462600E+02   3.609200E+01
    1337   7.902090E+02   3.612800E+01
    1338   7.297840E+02   3.616500E+01
    1339   7.925900E+02   3.620300E+01
    1340   7.408080E+02   3.624300E+01
    1341   7.670950E+02   3.628300E+01
    1342   6.961640E+02   3.632500E+01
    1343   7.124170E+02   3.636800E+01
    1344   7.333050E+02   3.641200E+01
    1345   7.824350E+02   3.645700E+01
    1346   7.384410E+02   3.650300E+01
    1347   7.127970E+02   3.655000E+01
    1348   7.674940E+02   3.659700E+01
    1349   7.295180E+02   3.664600E+01
    1350   7.536610E+02   3.669500E+01
    1351   7.864410E+02   3.674500E+01
    1352   7.191280E+02   3.679500E+01
    1353   7.587950E+02   3.684600E+01
    1354   7.581660E+02   3.689800E+01
    1355   7.832120E+02   3.695000E+01
    1356   8.284490E+02   3.700300E+01
    1357   6.742440E+02   3.705600E+01
    1358   7.919070E+02   3.711000E+01
    1359   7.727260E+02   3.716300E+01
    1360   7.605840E+02   3.721800E+01
    1361   7.848710E+02   3.727200E+01
    1362   7.729290E+02   3.732700E+01
    1363   8.322840E+02   3.738100E+01
    1364   8.077270E+02   3.743600E+01
    1365   7.431670E+02   3.749100E+01
    1366   7.581340E+02   3.754600E+01
    1367   7.937960E+02   3.760100E+01
    1368   7.309200E+02   3.765600E+01
    1369   7.881980E+02   3.771100E+01
    1370   7.787490E+02   3.776500E+01
    1371   7.684790E+02   3.782000E+01
    1372   7.542080E+02   3.787400E+01
    1373   8.790220E+02   3.792800E+01
    1374   7.963170E+02   3.798100E+01
    1375   7.186440E+02   3.803500E+01
    1376   7.580780E+02   3.808800E+01
    1377   7.289470E+02   3.814000E+01
    1378   8.208110E+02   3.819200E+01
    1379   7.760490E+02   3.824300E+01
    1380   7.309370E+02   3.829400E+01
    1381   7.292170E+02   3.834400E+01
    1382   7.635990E+02   3.839400E+01
    1383   8.018480E+02   3.844300E+01
    1384   7.049140E+02   3.849100E+01
    1385   8.131310E+02   3.853800E+01
    1386   8.173340E+02   3.858500E+01
    1387   7.326550E+02   3.863100E+01
    1388   8.027540E+02   3.867600E+01
    1389   7.967980E+02   3.872000E+01
    1390   8.222550E+02   3.876300E+01
    1391   7.985940E+02   3.880500E+01
    1392   8.515470E+02   3.884600E+01
    1393   8.451510E+02   3.888600E+01
    1394   7.842130E+02   3.892600E+01
    1395   8.013370E+02   3.896300E+01
    1396   7.529380E+02   3.900000E+01
    1397   8.451600E+02   3.903600E+01
    1398   8.811200E+02   3.907100E+01
    1399   8.739780E+02   3.910400E+01
    1400   8.393330E+02   3.913600E+01
    1401   8.447440E+02   3.916700E+01
    1402   8.054590E+02   3.919600E+01
    1403   8.289470E+02   3.922500E+01
    1404   7.878340E+02   3.925100E+01
    1405   7.689030E+02   3.927700E+01
    1406   8.132030E+02   3.930100E+01
    1407   8.437620E+02   3.932400E+01
    1408   7.984440E+02   3.934500E+01
    1409   8.588990E+02   3.936500E+01
    1410   8.499030E+02   3.938300E+01
    1411   7.641830E+02   3.940000E+01
    1412   8.905260E+02   3.941500E+01
    1413   7.884240E+02   3.942900E+01
    1414   8.189490E+02   3.944100E+01
    1415   8.012270E+02   3.945100E+01
    1416   7.795020E+02   3.946000E+01
    1417   8.596630E+02   3.946800E+01
    1418   8.229110E+02   3.947400E+01
    1419   8.308020E+02   3.947800E+01
    1420   7.868100E+02   3.948000E+01
    1421   8.208060E+02   3.948100E+01
    1422   8.412550E+02   3.948100E+01
    1423   7.879090E+02   3.947800E+01
    1424   8.067780E+02   3.947400E+01
    1425   7.964210E+02   3.946800E+01
    1426   7.909290E+02   3.946100E+01
    1427   8.149120E+02   3.945200E+01
    1428   7.605460E+02   3.944100E+01
    1429   8.282730E+02   3.942800E+01
    1430   7.330410E+02   3.941400E+01
    1431   8.274820E+02   3.939800E+01
    1432   7.359270E+02   3.938000E+01
    1433   8.358570E+02   3.936000E+01
    1434   7.710830E+02   3.933900E+01
    1435   7.553980E+02   3.931600E+01
    1436   8.436560E+02   3.929100E+01
    1437   7.806540E+02   3.926500E+01
    1438   8.609520E+02   3.923600E+01
    1439   8.055210E+02   3.920600E+01
    1440   8.118950E+02   3.917400E+01
    1441   8.221450E+02   3.914100E+01
    1442   6.903010E+02   3.910600E+01
    1443   7.450150E+02   3.906800E+01
    1444   8.631490E+02   3.903000E+01
    1445   8.115300E+02   3.898900E+01
    1446   7.888230E+02   3.894700E+01
    1447   8.411640E+02   3.890300E+01
    1448   8.166860E+02   3.885700E+01
    1449   8.024440E+02   3.881000E+01
    1450   7.788830E+02   3.876100E+01
    1451   7.622940E+02   3.871000E+01
    1452   7.527180E+02   3.865800E+01
    1453   7.404310E+02   3.860400E+01
    1454   7.390150E+02   3.854800E+01
    1455   8.094900E+02   3.849100E+01
    1456   8.194440E+02   3.843200E+01
    1457   7.611750E+02   3.837100E+01
    1458   7.707490E+02   3.830900E+01
    1459   7.979410E+02   3.824600E+01
    1460   7.811760E+02   3.818000E+01
    1461   7.898940E+02   3.811300E+01
    1462   7.430270E+02   3.804500E+01
    1463   7.475030E+02   3.797500E+01
    1464   7.221700E+02   3.790400E+01
    1465   7.484940E+02   3.783100E+01
    1466   7.659270E+02   3.775700E+01
    1467   7.490250E+02   3.768100E+01
    1468   7.282560E+02   3.760400E+01
    1469   7.758990E+02   3.752500E+01
    1470   7.458940E+02   3.744500E+01
    1471   8.168610E+02   3.736400E+01
    1472   7.515660E+02   3.728200E+01
    1473   7.607940E+02   3.719800E+01
    1474   7.016330E+02   3.711200E+01
    1475   7.399980E+02   3.702600E+01
    1476   7.331330E+02   3.693800E+01
    1477   7.543540E+02   3.684900E+01
    1478   7.372820E+02   3.675900E+01
    1479   6.865250E+02   3.666800E+01
    1480   6.933490E+02   3.657600E+01
    1481   7.567070E+02   3.648200E+01
    1482   7.786940E+02   3.638700E+01
    1483   7.182660E+02   3.629200E+01
    1484   7.433570E+02   3.619500E+01
    1485   7.603340E+02   3.609700E+01
    1486   7.483060E+02   3.599900E+01
    1487   7.028600E+02   3.589900E+01
    1488   7.935480E+02   3.579800E+01
    1489   7.697520E+02   3.569700E+01
    1490   7.449480E+02   3.559500E+01
    1491   6.571230E+02   3.549100E+01
    1492   7.432730E+02   3.538700E+01
    1493   6.830650E+02   3.528300E+01
    1494   6.849960E+02   3.517700E+01
    1495   7.384320E+02   3.507100E+01
    1496   6.538030E+02   3.496400E+01
    1497   6.912830E+02   3.485600E+01
    1498   6.739840E+02   3.474800E+01
    1499   6.502090E+02   3.463900E+01
    1500   7.388970E+02   3.453000E+01
    1501   7.212970E+02   3.442000E+01
    1502   7.250390E+02   3.430900E+01
    1503   7.255140E+02   3.419800E+01
    1504   6.590230E+02   3.408700E+01
    1505   6.860500E+02   3.397500E+01
    1506   6.963760E+02   3.386300E+01
    1507   6.792860E+02   3.375100E+01
    1508   6.748460E+02   3.363800E+01
    1509   7.215440E+02   3.352500E+01
    1510   6.229370E+02   3.341200E+01
    1511   5.964240E+02   3.329800E+01
    1512   6.987890E+02   3.318500E+01
    1513   6.811450E+02   3.307100E+01
    1514   6.654910E+02   3.295700E+01
    1515   6.102380E+02   3.284300E+01
    1516   6.242970E+02   3.272900E+01
    1517   5.960950E+02   3.261400E+01
    1518   6.434220E+02   3.250000E+01
    1519   6.583660E+02   3.238600E+01
    1520   6.039550E+02   3.227200E+01
    1521   6.198240E+02   3.215700E+01
    1522   5.925990E+02   3.204300E+01
    1523   5.602010E+02   3.192900E+01
    1524   5.694040E+02   3.181600E+01
    1525   5.941150E+02   3.170200E+01
    1526   6.210080E+02   3.158800E+01
    1527   5.633120E+02   3.147500E+01
    1528   6.352590E+02   3.136200E+01
    1529   6.179200E+02   3.125000E+01
    1530   5.654390E+02   3.113700E+01
    1531   5.594100E+02   3.102500E+01
    1532   6.346100E+02   3.091400E+01
    1533   5.883330E+02   3.080200E+01
    1534   5.495470E+02   3.069100E+01
    1535   5.906910E+02   3.058100E+01
    1536   5.444300E+02   3.047100E+01
    1537   5.525760E+02   3.036200E+01
    1538   5.586840E+02   3.025300E+01
    1539   5.880760E+02   3.014400E+01
    1540   5.828440E+02   3.003700E+01
    1541   5.183540E+02   2.993000E+01
    1542   6.094660E+02   2.982300E+01
    1543   5.817660E+02   2.971700E+01
    1544   5.655000E+02   2.961200E+01
    1545   5.470600E+02   2.950800E+01
    1546   5.280110E+02   2.940400E+01
    1547   5.193890E+02   2.930100E+01
    1548   5.013510E+02   2.919900E+01
    1549   6.001350E+02   2.909700E+01
    1550   5.348930E+02   2.899700E+01
    1551   5.597910E+02   2.889700E+01
    1552   5.126830E+02   2.879800E+01
    1553   4.698040E+02   2.870000E+01
    1554   5.192910E+02   2.860200E+01
    1555   4.912720E+02   2.850600E+01
    1556   5.116310E+02   2.841100E+01
    1557   5.208180E+02   2.831700E+01
    1558   5.211590E+02   2.822300E+01
    1559   5.791310E+02   2.813100E+01
    1560   4.984400E+02   2.803900E+01
    1561   5.290020E+02   2.794900E+01
    1562   4.684190E+02   2.786000E+01
    1563   5.366230E+02   2.777200E+01
    1564   4.955190E+02   2.768400E+01
    1565   4.505740E+02   2.759800E+01
    1566   5.150600E+02   2.751300E+01
    1567   4.713210E+02   2.743000E+01
    1568   4.771920E+02   2.734700E+01
    1569   4.967930E+02   2.726500E+01
    1570   5.067780E+02   2.718500E+01
    1571   4.654470E+02   2.710600E+01
    1572   4.417670E+02   2.702800E+01
    1573   4.918500E+02   2.695100E+01
    1574   4.764220E+02   2.687500E+01
    1575   4.478650E+02   2.680100E+01
    1576   4.489990E+02   2.672800E+01
    1577   5.157540E+02   2.665600E+01
    1578   4.388710E+02   2.658500E+01
    1579   4.744850E+02   2.651600E+01
    1580   4.626060E+02   2.644700E+01
    1581   4.815530E+02   2.638000E+01
    1582   4.632680E+02   2.631500E+01
    1583   4.531060E+02   2.625100E+01
    1584   4.669800E+02   2.618800E+01
    1585   4.469880E+02   2.612600E+01
    1586   4.543660E+02   2.606500E+01
    1587   5.048920E+02   2.600600E+01
    1588   4.640270E+02   2.594800E+01
    1589   4.077370E+02   2.589200E+01
    1590   3.755610E+02   2.583700E+01
    1591   4.569960E+02   2.578300E+01
    1592   4.587100E+02   2.573000E+01
    1593   4.329390E+02   2.567900E+01
    1594   4.207520E+02   2.562900E+01
    1595   4.450820E+02   2.558100E+01
    1596   4.441510E+02   2.553300E+01
    1597   4.578340E+02   2.548800E+01
    1598   4.312180E+02   2.544300E+01
    1599   4.285350E+02   2.540000E+01
    1600   4.038680E+02   2.535800E+01
    1601   4.170180E+02   2.531700E+01
    1602   4.001460E+02   2.527800E+01
    1603   3.760310E+02   2.524000E+01
    1604   4.226920E+02   2.520300E+01
    1605   4.889880E+02   2.516800E+01
    1606   4.664050E+02   2.513400E+01
    1607   3.814130E+02   2.510100E+01
    1608   3.872610E+02   2.507000E+01
    1609   4.325300E+02   2.504000E+01
    1610   3.630000E+02   2.501100E+01
    1611   3.981550E+02   2.498300E+01
    1612   4.455590E+02   2.495700E+01
    1613   3.972960E+02   2.493200E+01
    1614   3.871850E+02   2.490800E+01
    1615   4.273510E+02   2.488600E+01
    1616   3.951520E+02   2.486500E+01
    1617   3.986740E+02   2.484500E+01
    1618   3.921910E+02   2.482600E+01
    1619   4.038780E+02   2.480900E+01
    1620   4.158380E+02   2.479200E+01
    1621   4.218030E+02   2.477700E+01
    1622   3.815800E+02   2.476300E+01
    1623   4.014520E+02   2.475100E+01
    1624   3.825080E+02   2.473900E+01
    1625   3.938780E+02   2.472900E+01
    1626   4.124320E+02   2.472000E+01
    1627   4.214900E+02   2.471200E+01
    1628   4.146590E+02   2.470500E+01
    1629   3.896180E+02   2.469900E+01
    1630   3.750370E+02   2.469400E+01
    1631   3.791410E+02   2.469000E+01
    1632   4.099170E+02   2.468800E+01
    1633   4.046170E+02   2.468600E+01
    1634   4.026240E+02   2.468600E+01
    1635   3.559780E+02   2.468700E+01
    1636   3.668760E+02   2.468800E+01
    1637   4.132470E+02   2.469100E+01
    1638   4.267380E+02   2.469400E+01
    1639   3.958280E+02   2.469900E+01
    1640   4.181640E+02   2.470500E+01
    1641   4.064600E+02   2.471100E+01
    1642   3.435500E+02   2.471800E+01
    1643   3.697740E+02   2.472700E+01
    1644   4.219550E+02   2.473600E+01
    1645   3.606410E+02   2.474600E+01
    1646   3.887310E+02   2.475700E+01
    1647   3.685500E+02   2.476900E+01
    1648   3.968580E+02   2.478200E+01
    1649   3.709090E+02   2.479500E+01
    1650   4.174990E+02   2.481000E+01
    1651   4.450580E+02   2.482500E+01
    1652   3.689660E+02   2.484100E+01
    1653   3.710540E+02   2.485700E+01
    1654   3.751200E+02   2.487400E+01
    1655   4.072920E+02   2.489200E+01
    1656   3.702210E+02   2.491100E+01
    1657   3.914930E+02   2.493100E+01
    1658   3.904410E+02   2.495100E+01
    1659   3.849250E+02   2.497100E+01
    1660   4.170760E+02   2.499300E+01
    1661   4.122080E+02   2.501400E+01
    1662   3.546710E+02   2.503700E+01
    1663   4.095030E+02   2.506000E+01
    1664   3.609480E+02   2.508400E+01
    1665   4.031720E+02   2.510800E+01
    1666   4.339140E+02   2.513200E+01
    1667   3.805190E+02   2.515800E+01
    1668   3.659880E+02   2.518300E+01
    1669   3.881530E+02   2.520900E+01
    1670   3.874940E+02   2.523600E+01
    1671   3.943020E+02   2.526300E+01
    1672   3.880570E+02   2.529000E+01
    1673   3.620180E+02   2.531800E+01
    1674   4.256000E+02   2.534600E+01
    1675   3.447240E+02   2.537400E+01
    1676   3.952610E+02   2.540300E+01
    1677   3.850200E+02   2.543200E+01
    1678   4.021570E+02   2.546200E+01
    1679   3.560640E+02   2.549100E+01
    1680   3.955610E+02   2.552100E+01
    1681   3.962980E+02   2.555100E+01
    1682   3.380850E+02   2.558200E+01
    1683   3.969080E+02   2.561300E+01
    1684   3.909830E+02   2.564300E+01
    1685   4.037510E+02   2.567400E+01
    1686   3.560120E+02   2.570600E+01
    1687   3.895850E+02   2.573700E+01
    1688   3.685650E+02   2.576800E+01
    1689   3.804790E+02   2.580000E+01
    1690   3.698010E+02   2.583200E+01
    1691   3.689520E+02   2.586300E+01
    1692   3.924260E+02   2.589500E+01
    1693   3.813810E+02   2.592700E+01
    1694   3.996100E+02   2.595900E+01
    1695   3.953180E+02   2.599100E+01
    1696   3.820980E+02   2.602300E+01
    1697   3.925290E+02   2.605500E+01
    1698   4.133610E+02   2.608700E+01
    1699   3.411560E+02   2.611900E+01
    1700   3.777110E+02   2.615000E+01
    1701   4.292660E+02   2.618200E+01
    1702   4.386970E+02   2.621400E+01
    1703   4.002350E+02   2.624500E+01
    1704   4.080940E+02   2.627700E+01
    1705   4.168240E+02   2.630800E+01
    1706   4.297790E+02   2.633900E+01
    1707   3.874050E+02   2.637000E+01
    1708   3.642860E+02   2.640100E+01
    1709   4.275040E+02   2.643200E+01
    1710   3.993210E+02   2.646200E+01
    1711   4.119070E+02   2.649300E+01
    1712   3.488090E+02   2.652300E+01
    1713   4.094420E+02   2.655300E+01
    1714   4.083240E+02   2.658200E+01
    1715   3.774490E+02   2.661200E+01
    1716   3.469120E+02   2.664100E+01
    1717   4.225950E+02   2.667000E+01
    1718   4.073290E+02   2.669800E+01
    1719   3.736800E+02   2.672700E+01
    1720   3.938710E+02   2.675500E+01
    1721   3.820560E+02   2.678300E+01
    1722   4.246170E+02   2.681000E+01
    1723   4.225390E+02   2.683700E+01
    1724   3.636320E+02   2.686400E+01
    1725   3.861020E+02   2.689000E+01
    1726   4.453090E+02   2.691700E+01
    1727   3.613370E+02   2.694200E+01
    1728   4.064920E+02   2.696800E+01
    1729   3.630030E+02   2.699300E+01
    1730   3.885720E+02   2.701800E+01
    1731   4.310890E+02   2.704200E+01
    1732   4.163580E+02   2.706600E+01
    1733   3.906920E+02   2.709000E+01
    1734   4.053800E+02   2.711300E+01
    1735   4.291090E+02   2.713600E+01
    1736   4.359490E+02   2.715800E+01
    1737   4.065540E+02   2.718000E+01
    1738   3.774870E+02   2.720200E+01
    1739   3.949860E+02   2.722300E+01
    1740   4.023920E+02   2.724400E+01
    1741   4.725860E+02   2.726400E+01
    1742   3.887780E+02   2.728400E+01
    1743   3.769800E+02   2.730300E+01
    1744   3.520400E+02   2.732200E+01
    1745   3.895560E+02   2.734100E+01
    1746   3.403880E+02   2.735900E+01
    1747   4.050080E+02   2.737700E+01
    1748   4.239340E+02   2.739400E+01
    1749   3.442670E+02   2.741100E+01
    1750   3.955060E+02   2.742800E+01
    1751   3.658060E+02   2.744400E+01
    1752   3.436320E+02   2.746000E+01
    1753   3.566340E+02   2.747500E+01
    1754   3.614180E+02   2.748900E+01
    1755   3.648480E+02   2.750400E+01
    1756   4.038240E+02   2.751800E+01
    1757   3.813800E+02   2.753100E+01
    1758   3.901030E+02   2.754400E+01
    1759   4.054740E+02   2.755700E+01
    1760   3.810360E+02   2.756900E+01
    1761   3.849430E+02   2.758100E+01
    1762   3.264420E+02   2.759200E+01
    1763   3.985570E+02   2.760300E+01
    1764   3.930750E+02   2.761300E+01
    1765   3.831920E+02   2.762400E+01
    1766   3.788330E+02   2.763300E+01
    1767   3.758980E+02   2.764200E+01
    1768   4.059270E+02   2.765100E+01
    1769   3.827180E+02   2.766000E+01
    1770   3.718210E+02   2.766800E+01
    1771   3.749020E+02   2.767600E+01
    1772   4.187120E+02   2.768300E+01
    1773   3.490110E+02   2.769000E+01
    1774   3.208480E+02   2.769600E+01
    1775   3.720960E+02   2.770300E+01
    1776   3.841220E+02   2.770900E+01
    1777   3.659770E+02   2.771400E+01
    1778   3.518780E+02   2.771900E+01
    1779   3.979290E+02   2.772400E+01
    1780   3.983840E+02   2.772900E+01
    1781   3.587940E+02   2.773300E+01
    1782   3.387380E+02   2.773700E+01
    1783   3.411500E+02   2.774000E+01
    1784   3.995100E+02   2.774300E+01
    1785   4.129670E+02   2.774600E+01
    1786   3.692250E+02   2.774900E+01
    1787   3.661050E+02   2.775100E+01
    1788   3.528830E+02   2.775300E+01
    1789   4.146220E+02   2.775500E+01
    1790   3.720170E+02   2.775700E+01
    1791   3.613180E+02   2.775800E+01
    1792   3.442060E+02   2.775900E+01
    1793   3.796670E+02   2.776000E+01
    1794   3.883490E+02   2.776000E+01
    1795   3.732710E+02   2.776100E+01
    1796   3.834690E+02   2.776100E+01
    1797   3.663290E+02   2.776100E+01
    1798   3.525560E+02   2.776100E+01
    1799   3.936330E+02   2.776000E+01
    1800   3.557710E+02   2.776000E+01
    1801   3.466840E+02   2.775900E+01
    1802   3.596140E+02   2.775800E+01
    1803   3.224040E+02   2.775700E+01
    1804   3.541410E+02   2.775600E+01
    1805   3.574580E+02   2.775400E+01
    1806   3.473190E+02   2.775300E+01
    1807   3.388690E+02   2.775100E+01
    1808   3.465200E+02   2.774900E+01
    1809   3.435210E+02   2.774800E+01
    1810   3.810040E+02   2.774600E+01
    1811   3.050940E+02   2.774400E+01
    1812   3.977910E+02   2.774200E+01
    1813   3.588040E+02   2.774000E+01
    1814   3.008060E+02   2.773800E+01
    1815   3.420190E+02   2.773600E+01
    1816   3.605720E+02   2.773400E+01
    1817   3.199160E+02   2.773100E+01
    1818   3.471130E+02   2.772900E+01
    1819   2.961130E+02   2.772700E+01
    1820   3.341700E+02   2.772500E+01
    1821   3.430900E+02   2.772300E+01
    1822   3.034420E+02   2.772100E+01
    1823   3.290570E+02   2.771900E+01
    1824   3.502830E+02   2.771700E+01
    1825   3.828850E+02   2.771500E+01
    1826   3.254820E+02   2.771400E+01
    1827   2.983110E+02   2.771200E+01
    1828   3.487870E+02   2.771000E+01
    1829   3.167650E+02   2.770900E+01
    1830   3.121350E+02   2.770700E+01
    1831   2.820580E+02   2.770600E+01
    1832   3.001880E+02   2.770500E+01
    1833   3.149600E+02   2.770400E+01
    1834   3.060500E+02   2.770400E+01
    1835   3.453770E+02   2.770300E+01
    1836   3.445290E+02   2.770300E+01
    1837   2.940720E+02   2.770200E+01
    1838   2.614200E+02   2.770200E+01
    1839   3.469060E+02   2.770300E+01
    1840   2.976360E+02   2.770300E+01
    1841   3.625800E+02   2.770400E+01
    1842   2.996950E+02   2.770500E+01
    1843   2.800470E+02   2.770600E+01
    1844   3.092470E+02   2.770700E+01
    1845   3.062410E+02   2.770900E+01
    1846   2.802700E+02   2.771100E+01
    1847   2.971680E+02   2.771300E+01
    1848   3.021700E+02   2.771600E+01
    1849   3.064350E+02   2.771900E+01
    1850   3.241020E+02   2.772200E+01
    1851   2.866570E+02   2.772500E+01
    1852   3.626440E+02   2.772900E+01
    1853   3.224000E+02   2.773300E+01
    1854   3.267300E+02   2.773800E+01
    1855   3.107960E+02   2.774300E+01
    1856   2.418480E+02   2.774800E+01
    1857   2.972020E+02   2.775400E+01
    1858   2.772270E+02   2.776000E+01
    1859   3.171590E+02   2.776600E+01
    1860   2.974370E+02   2.777300E+01
    1861   3.097460E+02   2.778000E+01
    1862   2.959670E+02   2.778700E+01
    1863   2.422630E+02   2.779500E+01
    1864   2.720750E+02   2.780400E+01
    1865   2.654280E+02   2.781300E+01
    1866   2.746480E+02   2.782200E+01
    1867   2.768330E+02   2.783200E+01
    1868   2.849410E+02   2.784200E+01
    1869   2.425220E+02   2.785300E+01
    1870   2.860670E+02   2.786400E+01
    1871   2.838280E+02   2.787500E+01
    1872   2.691000E+02   2.788700E+01
    1873   2.687240E+02   2.790000E+01
    1874   2.897280E+02   2.791300E+01
    1875   2.564790E+02   2.792600E+01
    1876   2.689740E+02   2.794000E+01
    1877   2.678540E+02   2.795500E+01
    1878   2.871860E+02   2.797000E+01
    1879   2.456690E+02   2.798500E+01
    1880   3.130590E+02   2.800100E+01
    1881   3.151320E+02   2.801800E+01
    1882   2.625010E+02   2.803500E+01
    1883   2.861660E+02   2.805200E+01
    1884   2.718350E+02   2.807100E+01
    1885   2.242160E+02   2.808900E+01
    1886   2.638870E+02   2.810800E+01
    1887   2.323630E+02   2.812800E+01
    1888   2.547560E+02   2.814800E+01
    1889   2.694810E+02   2.816900E+01
    1890   2.669530E+02   2.819100E+01
    1891   1.917330E+02   2.821200E+01
    1892   2.983010E+02   2.823500E+01
    1893   2.816480E+02   2.825800E+01
    1894   2.471400E+02   2.828200E+01
    1895   2.375540E+02   2.830600E+01
    1896   2.538600E+02   2.833100E+01
    1897   2.023690E+02   2.835600E+01
    1898   2.429250E+02   2.838200E+01
    1899   2.506990E+02   2.840800E+01
    1900   2.691990E+02   2.843500E+01
    1901   2.481470E+02   2.846300E+01
    1902   3.008040E+02   2.849100E+01
    1903   2.137280E+02   2.852000E+01
    1904   2.206510E+02   2.854900E+01
    1905   2.547680E+02   2.857900E+01
    1906   1.976210E+02   2.860900E+01
    1907   2.471210E+02   2.864100E+01
    1908   2.732670E+02   2.867200E+01
    1909   2.469420E+02   2.870400E+01
    1910   2.671060E+02   2.873700E+01
    1911   2.510370E+02   2.877000E+01
    1912   2.663390E+02   2.880400E+01
    1913   2.143580E+02   2.883900E+01
    1914   2.761390E+02   2.887400E+01
    1915   2.637070E+02   2.891000E+01
    1916   2.598090E+02   2.894600E+01
    1917   2.328850E+02   2.898300E+01
    1918   2.176500E+02   2.902000E+01
    1919   2.327500E+02   2.905800E+01
    1920   2.531510E+02   2.909600E+01
    1921   3.053670E+02   2.913500E+01
    1922   2.778470E+02   2.917500E+01
    1923   2.372600E+02   2.921500E+01
    1924   2.514170E+02   2.925600E+01
    1925   2.065800E+02   2.929700E+01
    1926   2.321680E+02   2.933900E+01
    1927   3.001800E+02   2.938100E+01
    1928   2.754290E+02   2.942400E+01
    1929   2.646700E+02   2.946800E+01
    1930   2.445400E+02   2.951200E+01
    1931   2.888190E+02   2.955600E+01
    1932   2.190820E+02   2.960100E+01
    1933   1.416440E+02   2.964700E+01
    1934   2.288680E+02   2.969300E+01
    1935   2.058000E+02   2.974000E+01
    1936   2.802300E+02   2.978700E+01
    1937   2.690270E+02   2.983500E+01
    1938   2.418550E+02   2.988300E+01
    1939   2.412760E+02   2.993100E+01
    1940   2.773600E+02   2.998100E+01
    1941   2.687990E+02   3.003000E+01
    1942   2.343110E+02   3.008000E+01
    1943   1.972640E+02   3.013100E+01
    1944   2.908480E+02   3.018200E+01
    1945   2.085520E+02   3.023400E+01
    1946   1.604210E+02   3.028600E+01
    1947   2.598070E+02   3.033800E+01
    1948   2.016820E+02   3.039100E+01
    1949   1.953780E+02   3.044500E+01
    1950   2.402310E+02   3.049900E+01
    1951   2.172110E+02   3.055300E+01
    1952   2.368330E+02   3.060800E+01
    1953   2.381510E+02   3.066300E+01
    1954   2.224950E+02   3.071900E+01
    1955   2.740310E+02   3.077500E+01
    1956   2.098740E+02   3.083200E+01
    1957   2.754590E+02   3.088900E+01
    1958   1.961030E+02   3.094600E+01
    1959   2.712010E+02   3.100400E+01
    1960   1.879390E+02   3.106200E+01
    1961   2.615800E+02   3.112000E+01
    1962   2.822240E+02   3.117900E+01
    1963   2.336480E+02   3.123900E+01
    1964   2.338370E+02   3.129800E+01
    1965   2.956350E+02   3.135800E+01
    1966   1.772320E+02   3.141900E+01
    1967   1.839920E+02   3.148000E+01
    1968   2.642360E+02   3.154100E+01
    1969   2.393160E+02   3.160200E+01
    1970   2.021760E+02   3.166400E+01
    1971   2.513540E+02   3.172600E+01
    1972   2.660790E+02   3.178900E+01
    1973   1.730950E+02   3.185200E+01
    1974   2.244390E+02   3.191500E+01
    1975   2.342170E+02   3.197800E+01
    1976   2.351390E+02   3.204200E+01
    1977   2.547820E+02   3.210600E+01
    1978   2.067660E+02   3.217000E+01
    1979   1.990940E+02   3.223500E+01
    1980   2.839190E+02   3.230000E+01
    1981   2.328470E+02   3.236500E+01
    1982   1.681670E+02   3.243100E+01
    1983   1.730980E+02   3.249600E+01
    1984   2.260170E+02   3.256200E+01
    1985   2.509330E+02   3.262900E+01
    1986   1.715800E+02   3.269500E+01
    1987   1.925760E+02   3.276200E+01
    1988   2.872740E+02   3.282900E+01
    1989   2.748840E+02   3.289600E+01
    1990   1.592910E+02   3.296300E+01
    1991   2.534600E+02   3.303100E+01
    1992   1.928880E+02   3.309900E+01
    1993   1.708690E+02   3.316700E+01
    1994   2.489900E+02   3.323500E+01
    1995   2.781550E+02   3.331000E+01
    1996   2.300520E+02   3.337800E+01
    1997   3.076550E+02   3.519600E+01
    1998   2.640840E+02   3.526500E+01
    1999   2.323570E+02   3.538500E+01
    2000   2.986830E+02   3.545400E+01
    2001   2.831650E+02   3.552300E+01
    2002   2.346280E+02   3.559300E+01
    2003   2.228990E+02   3.566200E+01
    2004   2.701590E+02   3.573200E+01
    2005   1.973960E+02   3.580200E+01
    2006   2.242230E+02   3.587200E+01
    2007   2.486890E+02   3.594200E+01
    2008   2.101110E+02   3.601300E+01
    2009   2.369400E+02   3.608300E+01
    2010   2.059920E+02   3.615400E+01
    2011   1.616900E+02   3.622400E+01
    2012   2.263850E+02   3.629500E+01
    2013   2.530310E+02   3.636600E+01
    2014   1.785540E+02   3.643700E+01
    2015   2.040040E+02   3.650800E+01
    2016   2.617960E+02   3.657900E+01
    2017   2.189860E+02   3.665000E+01
    2018   2.733320E+02   3.672100E+01
    2019   2.709280E+02   3.679300E+01
    2020   2.000820E+02   3.686400E+01
    2021   1.921070E+02   3.693600E+01
    2022   1.984970E+02   3.700700E+01
    2023   2.915070E+02   3.707900E+01
    2024   1.937690E+02   3.715100E+01
    2025   2.132500E+02   3.722200E+01
    2026   2.244220E+02   3.729400E+01
    2027   2.595140E+02   3.736600E+01
    2028   2.125300E+02   3.743800E+01
    2029   2.914190E+02   3.751000E+01
    2030   2.245270E+02   3.758200E+01
    2031   2.371600E+02   3.765400E+01
    2032   2.362740E+02   3.772600E+01
    2033   2.069640E+02   3.779800E+01
    2034   2.177440E+02   3.787000E+01
    2035   3.377850E+02   3.794200E+01
    2036   2.432210E+02   3.801400E+01
    2037   1.921740E+02   3.808600E+01
    2038   2.578010E+02   3.815900E+01
    2039   1.978130E+02   3.823100E+01
    2040   1.908690E+02   3.830300E+01
    2041   2.232820E+02   3.837500E+01
    2042   1.944130E+02   3.844800E+01
    2043   2.493600E+02   3.852000E+01
    2044   2.792320E+02   3.859200E+01
    2045   1.954250E+02   3.866400E+01
    2046   2.608300E+02   3.873700E+01
    2047   2.424800E+02   3.880900E+01
    2048   2.368340E+02   3.888100E+01
    2049   2.242470E+02   3.895400E+01
    2050   2.387150E+02   3.902600E+01
    2051   1.985820E+02   3.909900E+01
    2052   2.124900E+02   3.917100E+01
    2053   2.193810E+02   3.924300E+01
    2054   2.240880E+02   3.931600E+01
    2055   1.624610E+02   3.938800E+01
    2056   2.118110E+02   3.946000E+01
    2057   2.626370E+02   3.953300E+01
    2058   1.973950E+02   3.960500E+01
    2059   1.933710E+02   3.967800E+01
    2060   2.210950E+02   3.975000E+01
    2061   2.367780E+02   3.982200E+01
    2062   2.595130E+02   3.989500E+01
    2063   2.465300E+02   3.996700E+01
    2064   1.622380E+02   4.004000E+01
    2065   2.161050E+02   4.011200E+01
    2066   1.635420E+02   4.018500E+01
    2067   2.344290E+02   4.025700E+01
    2068   2.408220E+02   4.033000E+01
    2069   2.140830E+02   4.040200E+01
    2070   2.596400E+02   4.047500E+01
    2071   2.475510E+02   4.054700E+01
    2072   1.298180E+02   4.062000E+01
    2073   2.390400E+02   4.069300E+01
    2074   2.244820E+02   4.076500E+01
    2075   1.535720E+02   4.083800E+01
    2076   2.273680E+02   4.091100E+01
    2077   2.383650E+02   4.098300E+01
    2078   1.894200E+02   4.105600E+01
    2079   1.421510E+02   4.112900E+01
    2080   2.379460E+02   4.120200E+01
    2081   1.701200E+02   4.127400E+01
    2082   2.059670E+02   4.134700E+01
    2083   2.221940E+02   4.142000E+01
    2084   2.516940E+02   4.149300E+01
    2085   1.944720E+02   4.156600E+01
    2086   1.999200E+02   4.164000E+01
    2087   2.042210E+02   4.171300E+01
    2088   2.412450E+02   4.178600E+01
    2089   2.668150E+02   4.185900E+01
    2090   2.313370E+02   4.193300E+01
    2091   2.095060E+02   4.200600E+01
    2092   2.309700E+02   4.207900E+01
    2093   1.226080E+02   4.215300E+01
    2094   2.114090E+02   4.222700E+01
    2095   2.568370E+02   4.230000E+01
    2096   2.133940E+02   4.237400E+01
    2097   2.457780E+02   4.244800E+01
    2098   2.347280E+02   4.252200E+01
    2099   2.765690E+02   4.259600E+01
    2100   1.942960E+02   4.267100E+01
    2101   1.739940E+02   4.274500E+01
    2102   1.131260E+02   4.281900E+01
    2103   2.257550E+02   4.289400E+01
    2104   2.749900E+02   4.296900E+01
    2105   1.623820E+02   4.304300E+01
    2106   1.963320E+02   4.311800E+01
    2107   1.694980E+02   4.319300E+01
    2108   9.661600E+01   4.326900E+01
    2109   2.055270E+02   4.334400E+01
    2110   1.521930E+02   4.342000E+01
    2111   1.896660E+02   4.349500E+01
    2112   1.503770E+02   4.357100E+01
    2113   2.544920E+02   4.364700E+01
    2114   1.679680E+02   4.372300E+01
    2115   2.169240E+02   4.379900E+01
    2116   1.883600E+02   4.387600E+01
    2117   2.563960E+02   4.395200E+01
    2118   1.312840E+02   4.402900E+01
    2119   2.452400E+02   4.410600E+01
    2120   2.403170E+02   4.418300E+01
    2121   1.864740E+02   4.426100E+01
    2122   1.872270E+02   4.433800E+01
    2123   1.895350E+02   4.441600E+01
    2124   2.183480E+02   4.449400E+01
    2125   2.486590E+02   4.457200E+01
    2126   2.251550E+02   4.465100E+01
    2127   1.648000E+02   4.472900E+01
    2128   1.767210E+02   4.480800E+01
    2129   3.052020E+02   4.488700E+01
    2130   1.469820E+02   4.496700E+01
    2131   1.930430E+02   4.504600E+01
    2132   1.480080E+02   4.512600E+01
    2133   1.855840E+02   4.520600E+01
    2134   1.480070E+02   4.528600E+01
    2135   1.668520E+02   4.536700E+01
    2136   1.178460E+02   4.544800E+01
    2137   1.614420E+02   4.552900E+01
    2138   2.553620E+02   4.561100E+01
    2139   9.087200E+01   4.569200E+01
    2140   2.402980E+02   4.577400E+01
    2141   1.653980E+02   4.585700E+01
    2142   1.360440E+02   4.593900E+01
    2143   2.835370E+02   4.602200E+01
    2144   2.386730E+02   4.610500E+01
    2145   1.980510E+02   4.618900E+01
    2146   2.533750E+02   4.627300E+01
    2147   2.144750E+02   4.635700E+01
    2148   1.494180E+02   4.644100E+01
    2149   2.144120E+02   4.652600E+01
    2150   1.786590E+02   4.661100E+01
    2151   1.331930E+02   4.669700E+01
    2152   1.226050E+02   4.678300E+01
    2153   1.604850E+02   4.686900E+01
    2154   1.913760E+02   4.695500E+01
    2155   1.429160E+02   4.704200E+01
    2156   2.065810E+02   4.713000E+01
    2157   1.762250E+02   4.721700E+01
    2158   1.362830E+02   4.730500E+01
    2159   1.365280E+02   4.739400E+01
    2160   1.284840E+02   4.748200E+01
    2161   1.471460E+02   4.757200E+01
    2162   1.751290E+02   4.766100E+01
    2163   2.022520E+02   4.775100E+01
    2164   2.357030E+02   4.784100E+01
    2165   1.247190E+02   4.793200E+01
    2166   1.064730E+02   4.802300E+01
    2167   2.738200E+02   4.811500E+01
    2168   1.456180E+02   4.820700E+01
    2169   1.522960E+02   4.829900E+01
    2170   1.781760E+02   4.839200E+01
    2171   9.839600E+01   4.848500E+01
    2172   1.352210E+02   4.857900E+01
    2173   2.342090E+02   4.867300E+01
    2174   1.658390E+02   4.876700E+01
    2175   1.261610E+02   4.886200E+01
    2176   9.690700E+01   4.895800E+01
    2177   1.540440E+02   4.905400E+01
    2178   2.294020E+02   4.915000E+01
    2179   1.624690E+02   4.924700E+01
    2180   1.142530E+02   4.934400E+01
    2181   2.364720E+02   4.944200E+01
    2182   1.351130E+02   4.954000E+01
    2183   6.963100E+01   4.963800E+01
    2184   7.728800E+01   4.973800E+01
    2185   1.453210E+02   4.983700E+01
    2186   1.646780E+02   4.993700E+01
    2187   1.543580E+02   5.003800E+01
    2188   1.278760E+02   5.013900E+01
    2189   7.569200E+01   5.024000E+01
    2190   1.733230E+02   5.034200E+01
    2191   6.360700E+01   5.044500E+01
    2192   7.208300E+01   5.054800E+01
    2193   1.569950E+02   5.065100E+01
    2194   1.239990E+02   5.075500E+01
    2195   1.588150E+02   5.086000E+01
    2196   1.736800E+02   5.096500E+01
    2197   1.038420E+02   5.107000E+01
    2198   1.132790E+02   5.117700E+01
    2199   1.638800E+02   5.128300E+01
    2200   1.883830E+02   5.139000E+01
    2201   6.355100E+01   5.149800E+01
    2202   1.768530E+02   5.160600E+01
    2203   1.934480E+02   5.171500E+01
    2204   3.202200E+01   5.182400E+01
    2205   1.343460E+02   5.193300E+01
    2206   2.166560E+02   5.204400E+01
    2207   2.408930E+02   5.215400E+01
    2208   1.321510E+02   5.226600E+01
    2209   1.921760E+02   5.237800E+01
    2210   1.021800E+02   5.249000E+01
    2211   1.299100E+02   5.260300E+01
    2212   1.110260E+02   5.271600E+01
    2213   1.149600E+02   5.283000E+01
    2214   1.584260E+02   5.294500E+01
    2215   1.455520E+02   5.306000E+01
    2216   1.159560E+02   5.317600E+01
    2217   1.444460E+02   5.329200E+01
    2218   1.704310E+02   5.340800E+01
    2219   1.291100E+02   5.352600E+01
    2220   1.482310E+02   5.364400E+01
    2221   1.758290E+02   5.376200E+01
    2222   1.605630E+02   5.388100E+01
    2223   1.180170E+02   5.400000E+01
    2224   1.519970E+02   5.412000E+01
    2225   3.783600E+01   5.424100E+01
    2226   1.003840E+02   5.436200E+01
    2227   1.763530E+02   5.448400E+01
    2228   1.374850E+02   5.460600E+01
    2229   1.304690E+02   5.472900E+01
    2230   4.994200E+01   5.485200E+01
    2231   6.235800E+01   5.497600E+01
    2232   1.688080E+02   5.510100E+01
    2233   1.136710E+02   5.522600E+01
    2234   1.977820E+02   5.535100E+01
    2235   1.482740E+02   5.547700E+01
    2236   3.684300E+01   5.560400E+01
    2237   1.612360E+02   5.573100E+01
    2238   1.297580E+02   5.585900E+01
    2239   1.487780E+02   5.598700E+01
    2240   1.377800E+02   5.611700E+01
    2241   1.033260E+02   5.624600E+01
    2242   1.399320E+02   5.637600E+01
    2243   1.092160E+02   5.650700E+01
    2244   1.567050E+02   5.663800E+01
    2245   1.584510E+02   5.677000E+01
    2246   2.609200E+01   5.690200E+01
    2247   1.205620E+02   5.703500E+01
    2248   9.482000E+01   5.716900E+01
    2249   1.083330E+02   5.730300E+01
    2250   2.110880E+02   5.743700E+01
    2251   1.055060E+02   5.757200E+01
    2252   7.087700E+01   5.770800E+01
    2253   1.548180E+02   5.784400E+01
    2254   1.194900E+02   5.798100E+01
    2255   1.640150E+02   5.811800E+01
    2256   1.285630E+02   5.825600E+01
    2257   1.617230E+02   5.839500E+01
    2258   4.942800E+01   5.853400E+01
    2259   8.362500E+01   5.867300E+01
    2260   1.086570E+02   5.881400E+01
    2261   1.834150E+02   5.895400E+01
    2262   6.939400E+01   5.909600E+01
    2263   2.157940E+02   5.923700E+01
    2264   1.362360E+02   5.938000E+01
    2265   5.349600E+01   5.952300E+01
    2266   7.230800E+01   5.966600E+01
    2267   8.085700E+01   5.981000E+01
    2268   7.424000E+01   5.995500E+01
    2269   1.532930E+02   6.010000E+01
    2270   1.570560E+02   6.024500E+01
    2271   6.819700E+01   6.039100E+01
    2272   1.254240E+02   6.053800E+01
    2273   1.488930E+02   6.068600E+01
    2274   6.444900E+01   6.083300E+01
    2275   2.035940E+02   6.098200E+01
    2276   6.852600E+01   6.113100E+01
    2277   6.390000E+01   6.128000E+01
    2278   1.659440E+02   6.143000E+01
    2279   5.468300E+01   6.158000E+01
    2280   1.545780E+02   6.173100E+01
    2281   1.186700E+02   6.188300E+01
    2282   2.190970E+02   6.203500E+01
    2283   7.683600E+01   6.218800E+01
    2284   5.572700E+01   6.234100E+01
    2285   1.647790E+02   6.249500E+01
    2286   7.589400E+01   6.264900E+01
    2287   1.055930E+02   6.280400E+01
    2288   1.182260E+02   6.295900E+01
    2289   7.442900E+01   6.311500E+01
    2290   8.942600E+01   6.327100E+01
    2291   1.651680E+02   6.342800E+01
    2292   1.190630E+02   6.358500E+01
    2293   1.391980E+02   6.374300E+01
    2294   1.405530E+02   6.390200E+01
    2295   1.278780E+02   6.406100E+01
    2296   1.024240E+02   6.422000E+01
    2297   7.113700E+01   6.438000E+01
    2298   1.471300E+02   6.454000E+01
    2299   1.093110E+02   6.470200E+01
    2300   1.129220E+02   6.486300E+01
    2301   2.513350E+02   6.502500E+01
    2302   1.623500E+01   6.518800E+01
    2303   8.896000E+01   6.535100E+01
    2304   1.752560E+02   6.551400E+01
    2305  -2.187800E+01   6.567800E+01
    2306   1.297740E+02   6.584300E+01
    2307   1.575620E+02   6.600800E+01
    2308   1.119860E+02   6.617400E+01
    2309   9.857800E+01   6.634000E+01
    2310   7.896800E+01   6.650600E+01
    2311  -2.732300E+01   6.667300E+01
    2312   8.874200E+01   6.684100E+01
    2313   1.574600E+02   6.700900E+01
    2314   1.010100E+02   6.717700E+01
    2315   1.052060E+02   6.734600E+01
    2316   7.390800E+01   6.751500E+01
    2317   1.095200E+02   6.768600E+01
    2318   2.329970E+02   6.785600E+01
    2319   1.207910E+02   6.802700E+01
    2320   7.625800E+01   6.819800E+01
    2321   5.108100E+01   6.837100E+01
    2322   1.233870E+02   6.854300E+01
    2323   1.110860E+02   6.871700E+01
    2324   5.832800E+01   6.889000E+01
    2325   7.371700E+01   6.906400E+01
    2326   1.361760E+02   6.923900E+01
    2327   2.679500E+01   6.941400E+01
    2328   1.383190E+02   6.959000E+01
    2329   8.401900E+01   6.976600E+01
    2330   2.467810E+02   6.994300E+01
    2331   1.604420E+02   7.012000E+01
    2332   2.020400E+01   7.029700E+01
    2333   8.690800E+01   7.047500E+01
    2334   1.318290E+02   7.065400E+01
    2335   2.209790E+02   7.083300E+01
    2336   5.273300E+01   7.101200E+01
    2337   1.176540E+02   7.119200E+01
    2338   9.205900E+01   7.137300E+01
    2339   2.314870E+02   7.155400E+01
    2340  -8.453000E+00   7.173500E+01
    2341   1.395090E+02   7.191700E+01
    2342   1.230350E+02   7.209900E+01
    2343   1.108540E+02   7.228200E+01
    2344   1.289280E+02   7.246500E+01
    2345   5.928800E+01   7.264900E+01
    2346   2.071930E+02   7.283400E+01
    2347   2.074300E+02   7.301900E+01
    2348   9.457800E+01   7.320400E+01
    2349   1.168660E+02   7.339000E+01
    2350   1.647310E+02   7.357600E+01
    2351   9.505500E+01   7.376300E+01
    2352   8.174000E+01   7.395000E+01
    2353   1.382780E+02   7.413800E+01
    2354   1.268590E+02   7.432600E+01
    2355   2.013480E+02   7.451500E+01
    2356   1.275200E+02   7.470400E+01
    2357   2.131630E+02   7.489400E+01
    2358   1.063030E+02   7.508400E+01
    2359   2.581900E+01   7.527400E+01
    2360  -4.057600E+01   7.546500E+01
    2361   2.518310E+02   7.565800E+01
    2362   1.012170E+02   7.585000E+01
    2363   1.081230E+02   7.604300E+01
    2364   1.687230E+02   7.623600E+01
    2365   3.087200E+01   7.643000E+01
    2366   9.741000E+00   7.662400E+01
    2367   3.533500E+01   7.681900E+01
    2368   1.539600E+02   7.701400E+01
    2369   1.052520E+02   7.721000E+01
    2370   5.590500E+01   7.740600E+01
    2371   1.663210E+02   7.760300E+01
    2372  -5.509800E+01   7.780000E+01
    2373   1.973550E+02   7.799800E+01
    2374   2.227240E+02   7.819600E+01
    2375   3.065800E+01   7.839500E+01
    2376   5.923400E+01   7.859400E+01
    2377   3.273550E+02   7.879500E+01
    2378   1.312050E+02   7.899400E+01
    2379   6.855300E+01   7.919600E+01
    2380   2.279910E+02   7.939700E+01
    2381   2.178880E+02   7.959900E+01
    2382   1.715610E+02   7.980100E+01
    2383   1.845880E+02   8.000400E+01
    2384   2.091690E+02   8.020800E+01
    2385   1.466730E+02   8.041100E+01
    2386  -6.230500E+01   8.061400E+01
    2387   8.525000E+01   8.082100E+01
    2388   1.420820E+02   8.102500E+01
    2389   8.336100E+01   8.123300E+01
    2390   1.116670E+02   8.143800E+01
    2391   6.450000E-01   8.164700E+01
    2392  -9.209700E+01   8.185500E+01
    2393   1.216620E+02   8.206300E+01
    2394   8.322800E+01   8.227200E+01
    2395   4.500500E+01   8.248100E+01
    2396   1.293710E+02   8.269100E+01
    2397   1.483750E+02   8.290200E+01
    2398   2.101410E+02   8.311300E+01
    2399   5.532400E+01   8.332500E+01
    2400   7.189100E+01   8.353700E+01
    2401   8.070800E+01   8.375000E+01
    2402   1.569430E+02   8.396100E+01
    2403   6.731100E+01   8.417700E+01
    2404   1.514280E+02   8.439000E+01
    2405   1.371410E+02   8.460600E+01
    2406   9.046600E+01   8.482100E+01
    2407   1.382470E+02   8.503800E+01
    2408   2.394000E+02   8.525400E+01
    2409   8.485300E+01   8.547100E+01
    2410   1.107930E+02   8.568900E+01
    2411   4.060600E+01   8.590700E+01
    2412   1.528430E+02   8.612600E+01
    2413   2.748500E+01   8.634600E+01
    2414   6.240900E+01   8.656500E+01
    2415   4.655700E+01   8.678700E+01
    2416   1.171640E+02   8.700700E+01
    2417   1.814850E+02   8.722900E+01
    2418   1.788800E+01   8.745100E+01
    2419   2.327200E+01   8.767500E+01
    2420   2.488230E+02   8.789900E+01
    2421  -9.262300E+01   8.812400E+01
    2422  -2.291100E+01   8.835000E+01
    2423   2.025390E+02   8.857600E+01
    2424   1.654650E+02   8.880200E+01
    2425   3.914000E+01   8.902900E+01
    2426  -3.064500E+01   8.925700E+01
    2427  -9.032000E+00   8.948500E+01
    2428   4.012800E+01   8.971300E+01
    2429   9.805200E+01   8.994300E+01
    2430  -1.243300E+01   9.017300E+01
    2431   3.548550E+02   9.040400E+01
    2432   9.454200E+01   9.063500E+01
    2433  -3.730000E+00   9.086700E+01
    2434  -4.514100E+01   9.110000E+01
    2435   1.218250E+02   9.133300E+01
    2436   3.094580E+02   9.156700E+01
    2437  -3.967100E+01   9.180100E+01
    2438  -1.041730E+02   9.203600E+01
    2439   2.451000E+02   9.227300E+01
    2440   1.770800E+02   9.250900E+01
    2441   2.570600E+01   9.274600E+01
    2442   1.301540E+02   9.298400E+01
    2443   3.869000E+01   9.322300E+01
    2444  -1.198000E+01   9.346200E+01
    2445   2.509340E+02   9.370200E+01
    2446  -7.513500E+01   9.394300E+01
    2447   1.487040E+02   9.418400E+01
    2448   1.567230E+02   9.442600E+01
    2449   1.954500E+02   9.466900E+01
    2450   2.659540E+02   9.491200E+01
    2451   2.197200E+02   9.515600E+01
    2452   6.858900E+01   9.540100E+01
    2453   1.088840E+02   9.564700E+01
    2454  -6.249800E+01   9.589200E+01
    2455   6.674200E+01   9.614000E+01
    2456  -3.726000E+01   9.638700E+01
    2457   4.167600E+01   9.663600E+01
    2458   2.009150E+02   9.688500E+01
    2459   9.778900E+01   9.713500E+01
    2460   1.116430E+02   9.738600E+01
    2461   2.741900E+01   9.763600E+01
    2462   6.420400E+01   9.788900E+01
    2463   8.320100E+01   9.814100E+01
    2464   1.201480E+02   9.839400E+01
    2465   8.761900E+01   9.864700E+01
    2466   8.372400E+01   9.890400E+01
    2467  -1.193470E+02   9.916000E+01
    2468   1.940100E+01   9.941600E+01
    2469   1.793140E+02   9.967300E+01
    2470   1.656830E+02   9.993200E+01
    2471   1.356130E+02   1.001910E+02
    2472   8.493400E+01   1.004500E+02
    2473   2.289000E+01   1.007100E+02
    2474  -7.764000E+01   1.009700E+02
    2475   2.658400E+01   1.012320E+02
    2476   1.783880E+02   1.014960E+02
    2477  -7.824700E+01   1.017590E+02
    2478   8.860000E+01   1.020240E+02
    2479  -6.082900E+01   1.022890E+02
    2480   1.777160E+02   1.025530E+02
    2481   1.006580E+02   1.028210E+02
    2482   1.308300E+01   1.030880E+02
    2483   2.572760E+02   1.033560E+02
    2484   6.785000E+00   1.036230E+02
    2485   1.694080E+02   1.038950E+02
    2486   5.124300E+01   1.041660E+02
    2487  -8.872000E+00   1.044360E+02
    2488   7.939400E+01   1.047100E+02
    2489   2.033100E+02   1.049830E+02
    2490  -8.460000E+00   1.052560E+02
    2491   9.860000E+01   1.055320E+02
    2492   5.551800E+01   1.058060E+02
    2493   9.072800E+01   1.060790E+02
    2494   1.299600E+02   1.063590E+02
    2495   6.041200E+01   1.066380E+02
    2496  -4.012300E+01   1.069180E+02
    2497  -5.148400E+01   1.071960E+02
    2498   1.815220E+02   1.074780E+02
    2499  -8.052500E+01   1.077590E+02
    2500   3.528340E+02   1.080410E+02
    2501  -4.274700E+01   1.083250E+02
    2502   1.634870E+02   1.086080E+02
    2503   2.088120E+02   1.088930E+02
    2504   2.050110E+02   1.091790E+02
    2505   6.665200E+01   1.094660E+02
    2506  -1.626220E+02   1.097530E+02
    2507  -7.342300E+01   1.100690E+02
    2508   6.234300E+01   1.103590E+02
