     ELL          D_ELL            ERR
       I              E              E
               muKcmb^2       muKcmb^2
      30  -2.290000E-01   3.393000E+00
      31   1.041000E+00   3.380000E+00
      32   5.090000E+00   3.368000E+00
      33   1.370000E-01   3.363000E+00
      34   2.663000E+00   3.360000E+00
      35  -2.709000E+00   3.361000E+00
      36   4.178000E+00   3.365000E+00
      37   8.357000E+00   3.371000E+00
      38   6.085000E+00   3.381000E+00
      39  -9.350000E-01   3.393000E+00
      40   3.349000E+00   3.408000E+00
      41   9.890000E-01   3.425000E+00
      42  -2.038000E+00   3.445000E+00
      43   1.233000E+00   3.467000E+00
      44   6.790000E-01   3.491000E+00
      45  -1.669000E+00   3.517000E+00
      46  -1.956000E+00   3.545000E+00
      47   3.318000E+00   3.575000E+00
      48  -2.443000E+00   3.606000E+00
      49   6.382000E+00   3.639000E+00
      50   3.780000E-01   3.673000E+00
      51   1.081300E+01   3.709000E+00
      52  -2.961000E+00   3.747000E+00
      53  -5.845000E+00   3.786000E+00
      54   3.097000E+00   3.826000E+00
      55  -1.412000E+00   3.868000E+00
      56  -7.437000E+00   3.911000E+00
      57  -7.437000E+00   3.955000E+00
      58  -4.809000E+00   4.001000E+00
      59   2.191000E+00   4.049000E+00
      60  -3.296000E+00   4.097000E+00
      61  -7.481000E+00   4.147000E+00
      62  -4.394000E+00   4.198000E+00
      63   9.470000E-01   4.250000E+00
      64  -6.669000E+00   4.303000E+00
      65  -3.073000E+00   4.358000E+00
      66  -3.987000E+00   4.414000E+00
      67  -4.070000E-01   4.470000E+00
      68  -5.121000E+00   4.528000E+00
      69   1.479000E+00   4.587000E+00
      70  -6.040000E+00   4.647000E+00
      71  -4.183000E+00   4.708000E+00
      72  -7.289000E+00   4.769000E+00
      73  -9.470000E+00   4.832000E+00
      74  -1.352800E+01   4.895000E+00
      75  -7.860000E-01   4.959000E+00
      76  -1.099500E+01   5.024000E+00
      77  -6.712000E+00   5.089000E+00
      78  -5.188000E+00   5.155000E+00
      79  -7.132000E+00   5.222000E+00
      80  -6.980000E+00   5.289000E+00
      81  -1.321100E+01   5.357000E+00
      82  -1.811800E+01   5.426000E+00
      83  -9.047000E+00   5.495000E+00
      84  -5.215000E+00   5.564000E+00
      85  -1.273800E+01   5.634000E+00
      86  -1.152000E+01   5.704000E+00
      87  -6.650000E+00   5.775000E+00
      88  -1.846500E+01   5.846000E+00
      89  -1.229000E+01   5.917000E+00
      90  -7.556000E+00   5.988000E+00
      91  -2.187900E+01   6.059000E+00
      92  -1.837700E+01   6.131000E+00
      93  -3.052300E+01   6.203000E+00
      94  -1.914800E+01   6.274000E+00
      95  -1.709300E+01   6.346000E+00
      96  -1.855300E+01   6.417000E+00
      97  -2.780700E+01   6.488000E+00
      98  -1.520500E+01   6.560000E+00
      99  -2.095600E+01   6.631000E+00
     100  -2.618300E+01   6.701000E+00
     101  -2.299000E+01   6.772000E+00
     102  -2.444400E+01   6.842000E+00
     103  -2.822400E+01   6.912000E+00
     104  -3.170500E+01   6.981000E+00
     105  -2.340200E+01   7.050000E+00
     106  -2.076700E+01   7.118000E+00
     107  -3.725700E+01   7.186000E+00
     108  -4.471100E+01   7.253000E+00
     109  -4.080600E+01   7.320000E+00
     110  -2.762400E+01   7.385000E+00
     111  -1.604400E+01   7.451000E+00
     112  -3.361100E+01   7.515000E+00
     113  -1.244300E+01   7.579000E+00
     114  -1.917500E+01   7.642000E+00
     115  -3.685900E+01   7.704000E+00
     116  -4.896000E+01   7.765000E+00
     117  -5.102300E+01   7.825000E+00
     118  -3.783900E+01   7.884000E+00
     119  -3.274100E+01   7.942000E+00
     120  -3.498700E+01   7.999000E+00
     121  -5.131400E+01   8.055000E+00
     122  -2.615900E+01   8.110000E+00
     123  -4.132100E+01   8.164000E+00
     124  -1.904400E+01   8.217000E+00
     125  -3.469200E+01   8.269000E+00
     126  -3.622500E+01   8.319000E+00
     127  -4.166700E+01   8.368000E+00
     128  -5.068200E+01   8.416000E+00
     129  -3.856800E+01   8.463000E+00
     130  -3.618800E+01   8.508000E+00
     131  -3.014600E+01   8.552000E+00
     132  -2.761800E+01   8.594000E+00
     133  -4.791700E+01   8.636000E+00
     134  -4.403900E+01   8.675000E+00
     135  -5.246200E+01   8.714000E+00
     136  -5.995900E+01   8.751000E+00
     137  -3.942500E+01   8.786000E+00
     138  -4.603600E+01   8.820000E+00
     139  -3.955100E+01   8.853000E+00
     140  -2.929900E+01   8.884000E+00
     141  -3.692400E+01   8.914000E+00
     142  -5.681400E+01   8.943000E+00
     143  -4.619500E+01   8.970000E+00
     144  -4.081800E+01   8.995000E+00
     145  -4.761200E+01   9.019000E+00
     146  -5.501200E+01   9.042000E+00
     147  -4.213000E+01   9.063000E+00
     148  -3.978700E+01   9.083000E+00
     149  -4.230600E+01   9.102000E+00
     150  -4.165500E+01   9.119000E+00
     151  -4.370900E+01   9.134000E+00
     152  -5.066800E+01   9.148000E+00
     153  -4.801100E+01   9.161000E+00
     154  -3.051500E+01   9.173000E+00
     155  -5.667500E+01   9.183000E+00
     156  -4.862200E+01   9.192000E+00
     157  -6.091400E+01   9.200000E+00
     158  -5.957800E+01   9.206000E+00
     159  -5.687200E+01   9.211000E+00
     160  -5.039800E+01   9.216000E+00
     161  -3.958600E+01   9.219000E+00
     162  -4.943300E+01   9.221000E+00
     163  -4.920800E+01   9.222000E+00
     164  -5.038800E+01   9.222000E+00
     165  -3.294500E+01   9.221000E+00
     166  -5.167000E+01   9.219000E+00
     167  -5.869700E+01   9.216000E+00
     168  -3.914300E+01   9.212000E+00
     169  -4.974000E+01   9.208000E+00
     170  -4.261400E+01   9.203000E+00
     171  -3.663700E+01   9.197000E+00
     172  -3.330700E+01   9.191000E+00
     173  -5.538900E+01   9.184000E+00
     174  -3.257800E+01   9.177000E+00
     175  -3.573200E+01   9.169000E+00
     176  -6.014900E+01   9.161000E+00
     177  -3.890100E+01   9.153000E+00
     178  -4.142900E+01   9.145000E+00
     179  -5.165600E+01   9.136000E+00
     180  -4.531500E+01   9.128000E+00
     181  -2.577800E+01   9.119000E+00
     182  -2.489000E+01   9.111000E+00
     183  -3.218400E+01   9.103000E+00
     184  -4.720800E+01   9.095000E+00
     185  -3.565600E+01   9.087000E+00
     186  -3.096300E+01   9.080000E+00
     187  -2.523000E+01   9.074000E+00
     188  -1.403200E+01   9.068000E+00
     189  -3.593500E+01   9.062000E+00
     190  -2.955600E+01   9.058000E+00
     191  -2.855000E+01   9.054000E+00
     192  -2.725900E+01   9.051000E+00
     193  -3.438700E+01   9.050000E+00
     194  -2.265000E+00   9.049000E+00
     195  -1.921600E+01   9.050000E+00
     196  -3.077000E+00   9.052000E+00
     197  -1.847900E+01   9.055000E+00
     198  -1.506000E+01   9.060000E+00
     199  -6.163000E+00   9.066000E+00
     200  -1.334600E+01   9.073000E+00
     201  -1.867800E+01   9.083000E+00
     202  -5.995000E+00   9.094000E+00
     203  -1.006300E+01   9.106000E+00
     204   6.013000E+00   9.121000E+00
     205  -2.356000E+00   9.137000E+00
     206  -5.320000E+00   9.156000E+00
     207  -6.082000E+00   9.176000E+00
     208  -2.137900E+01   9.198000E+00
     209  -1.419000E+01   9.223000E+00
     210   1.351600E+01   9.249000E+00
     211   1.520000E+00   9.277000E+00
     212   5.649000E+00   9.308000E+00
     213   4.296000E+00   9.341000E+00
     214   1.030500E+01   9.376000E+00
     215   2.414700E+01   9.413000E+00
     216  -5.133000E+00   9.453000E+00
     217   8.232000E+00   9.494000E+00
     218   1.445700E+01   9.538000E+00
     219   1.244800E+01   9.584000E+00
     220   2.244400E+01   9.632000E+00
     221   9.738000E+00   9.682000E+00
     222   9.417000E+00   9.734000E+00
     223   2.777900E+01   9.789000E+00
     224   2.722200E+01   9.845000E+00
     225   2.560000E+01   9.904000E+00
     226   2.421900E+01   9.964000E+00
     227   2.615500E+01   1.002700E+01
     228   3.487800E+01   1.009100E+01
     229   5.786000E+00   1.015700E+01
     230   6.534000E+00   1.022500E+01
     231   3.174400E+01   1.029500E+01
     232   3.732000E+01   1.036600E+01
     233   4.999200E+01   1.044000E+01
     234   2.410200E+01   1.051400E+01
     235   2.753100E+01   1.059000E+01
     236   4.072500E+01   1.066800E+01
     237   4.674800E+01   1.074700E+01
     238   2.739900E+01   1.082700E+01
     239   5.141100E+01   1.090800E+01
     240   6.447000E+01   1.099100E+01
     241   6.789300E+01   1.107400E+01
     242   3.210100E+01   1.115900E+01
     243   6.000700E+01   1.124400E+01
     244   4.088400E+01   1.133000E+01
     245   5.980900E+01   1.141700E+01
     246   6.314100E+01   1.150400E+01
     247   5.371900E+01   1.159200E+01
     248   5.508800E+01   1.168100E+01
     249   4.036200E+01   1.177000E+01
     250   4.598900E+01   1.185900E+01
     251   3.352400E+01   1.194900E+01
     252   7.300400E+01   1.203900E+01
     253   6.513800E+01   1.212900E+01
     254   5.937600E+01   1.221900E+01
     255   6.506500E+01   1.230900E+01
     256   8.952100E+01   1.239900E+01
     257   5.339600E+01   1.248800E+01
     258   7.146600E+01   1.257800E+01
     259   6.865800E+01   1.266700E+01
     260   1.021710E+02   1.275500E+01
     261   7.355500E+01   1.284300E+01
     262   8.619700E+01   1.293100E+01
     263   9.055500E+01   1.301800E+01
     264   1.014190E+02   1.310400E+01
     265   8.099200E+01   1.318900E+01
     266   7.561600E+01   1.327400E+01
     267   9.046500E+01   1.335800E+01
     268   9.087300E+01   1.344000E+01
     269   1.074840E+02   1.352200E+01
     270   6.803600E+01   1.360300E+01
     271   1.049120E+02   1.368300E+01
     272   9.739600E+01   1.376100E+01
     273   1.109180E+02   1.383800E+01
     274   1.126140E+02   1.391400E+01
     275   1.099240E+02   1.398900E+01
     276   8.979200E+01   1.406200E+01
     277   1.368520E+02   1.413400E+01
     278   8.959600E+01   1.420400E+01
     279   1.128210E+02   1.427300E+01
     280   8.703300E+01   1.434000E+01
     281   9.198900E+01   1.440600E+01
     282   1.209650E+02   1.447000E+01
     283   1.190950E+02   1.453200E+01
     284   1.140520E+02   1.459300E+01
     285   1.217920E+02   1.465200E+01
     286   9.894500E+01   1.470900E+01
     287   1.008740E+02   1.476400E+01
     288   8.430200E+01   1.481800E+01
     289   1.181170E+02   1.486900E+01
     290   1.202080E+02   1.491900E+01
     291   9.705400E+01   1.496700E+01
     292   1.142170E+02   1.501200E+01
     293   1.184100E+02   1.505600E+01
     294   1.063700E+02   1.509800E+01
     295   1.324320E+02   1.513700E+01
     296   1.218990E+02   1.517500E+01
     297   1.239320E+02   1.521100E+01
     298   1.065250E+02   1.524400E+01
     299   1.024930E+02   1.527600E+01
     300   1.314190E+02   1.530500E+01
     301   1.135580E+02   1.533200E+01
     302   1.135600E+02   1.535700E+01
     303   1.135700E+02   1.538000E+01
     304   1.411400E+02   1.540100E+01
     305   1.209780E+02   1.542000E+01
     306   1.081370E+02   1.543700E+01
     307   1.008650E+02   1.545100E+01
     308   1.293340E+02   1.546400E+01
     309   1.113040E+02   1.547400E+01
     310   9.585500E+01   1.548200E+01
     311   1.565980E+02   1.548800E+01
     312   1.167340E+02   1.549200E+01
     313   1.246030E+02   1.549400E+01
     314   1.103700E+02   1.549400E+01
     315   1.265910E+02   1.549100E+01
     316   1.369830E+02   1.548700E+01
     317   1.008580E+02   1.548100E+01
     318   8.744700E+01   1.547200E+01
     319   1.058160E+02   1.546200E+01
     320   1.092130E+02   1.545000E+01
     321   7.979700E+01   1.543500E+01
     322   1.609200E+02   1.541900E+01
     323   1.105810E+02   1.540100E+01
     324   1.214170E+02   1.538100E+01
     325   1.331900E+02   1.535900E+01
     326   1.316120E+02   1.533500E+01
     327   1.369020E+02   1.531000E+01
     328   1.218370E+02   1.528200E+01
     329   1.110290E+02   1.525300E+01
     330   1.079270E+02   1.522300E+01
     331   1.163240E+02   1.519000E+01
     332   1.121590E+02   1.515700E+01
     333   8.872200E+01   1.512100E+01
     334   9.504600E+01   1.508400E+01
     335   1.097740E+02   1.504600E+01
     336   1.185480E+02   1.500600E+01
     337   9.510600E+01   1.496500E+01
     338   8.540000E+01   1.492200E+01
     339   1.038900E+02   1.487800E+01
     340   1.258340E+02   1.483300E+01
     341   1.192290E+02   1.478700E+01
     342   1.088470E+02   1.473900E+01
     343   7.790200E+01   1.469000E+01
     344   8.238300E+01   1.464100E+01
     345   8.928300E+01   1.459000E+01
     346   9.411700E+01   1.453900E+01
     347   8.611900E+01   1.448600E+01
     348   8.148100E+01   1.443300E+01
     349   8.917300E+01   1.437900E+01
     350   9.691200E+01   1.432400E+01
     351   9.520500E+01   1.426900E+01
     352   8.321600E+01   1.421300E+01
     353   8.274700E+01   1.415700E+01
     354   1.073580E+02   1.410000E+01
     355   6.055100E+01   1.404200E+01
     356   9.148900E+01   1.398500E+01
     357   6.767900E+01   1.392700E+01
     358   6.876400E+01   1.386800E+01
     359   7.237800E+01   1.381000E+01
     360   9.328000E+01   1.375200E+01
     361   6.544800E+01   1.369300E+01
     362   7.494600E+01   1.363500E+01
     363   5.874800E+01   1.357600E+01
     364   7.467800E+01   1.351800E+01
     365   6.881100E+01   1.346000E+01
     366   3.884100E+01   1.340200E+01
     367   4.096700E+01   1.334400E+01
     368   6.873200E+01   1.328700E+01
     369   5.229300E+01   1.323000E+01
     370   4.442400E+01   1.317400E+01
     371   4.916000E+01   1.311800E+01
     372   4.190500E+01   1.306300E+01
     373   5.658700E+01   1.300900E+01
     374   5.505600E+01   1.295500E+01
     375   4.432500E+01   1.290200E+01
     376   5.209900E+01   1.284900E+01
     377   4.260800E+01   1.279800E+01
     378   4.158400E+01   1.274700E+01
     379   6.674200E+01   1.269800E+01
     380   3.795200E+01   1.264900E+01
     381   1.500500E+01   1.260100E+01
     382   2.184900E+01   1.255500E+01
     383   3.388300E+01   1.250900E+01
     384   3.808100E+01   1.246500E+01
     385   2.130600E+01   1.242200E+01
     386   2.799400E+01   1.238000E+01
     387   2.221700E+01   1.233900E+01
     388   4.649900E+01   1.229900E+01
     389   1.460300E+01   1.226100E+01
     390   1.419400E+01   1.222400E+01
     391   1.214900E+01   1.218800E+01
     392  -1.009900E+01   1.215400E+01
     393   4.075500E+01   1.212100E+01
     394   2.380000E+01   1.208900E+01
     395   8.946000E+00   1.205800E+01
     396   2.316600E+01   1.202900E+01
     397  -1.682200E+01   1.200200E+01
     398  -5.825000E+00   1.197500E+01
     399   8.100000E-01   1.195000E+01
     400  -8.920000E+00   1.192600E+01
     401   2.202700E+01   1.190400E+01
     402   1.706300E+01   1.188300E+01
     403  -6.976000E+00   1.186300E+01
     404   5.420000E-01   1.184400E+01
     405  -1.099800E+01   1.182700E+01
     406  -3.021400E+01   1.181100E+01
     407  -3.302600E+01   1.179600E+01
     408  -2.878300E+01   1.178200E+01
     409  -1.156000E+01   1.177000E+01
     410  -7.430000E+00   1.175800E+01
     411  -1.723400E+01   1.174800E+01
     412  -2.263600E+01   1.173800E+01
     413  -2.664800E+01   1.173000E+01
     414  -1.529300E+01   1.172200E+01
     415  -3.461400E+01   1.171600E+01
     416  -2.722900E+01   1.171000E+01
     417  -2.589300E+01   1.170600E+01
     418  -2.691200E+01   1.170200E+01
     419  -2.950900E+01   1.169800E+01
     420  -3.132400E+01   1.169600E+01
     421  -4.117300E+01   1.169400E+01
     422  -3.925500E+01   1.169300E+01
     423  -4.223200E+01   1.169200E+01
     424  -5.886900E+01   1.169200E+01
     425  -4.774200E+01   1.169300E+01
     426  -3.232400E+01   1.169400E+01
     427  -5.442800E+01   1.169500E+01
     428  -3.177200E+01   1.169700E+01
     429  -5.043100E+01   1.169900E+01
     430  -5.776800E+01   1.170100E+01
     431  -4.094300E+01   1.170300E+01
     432  -6.197200E+01   1.170600E+01
     433  -5.323500E+01   1.170900E+01
     434  -5.741000E+01   1.171200E+01
     435  -6.581200E+01   1.171500E+01
     436  -4.423300E+01   1.171800E+01
     437  -8.643300E+01   1.172100E+01
     438  -6.934000E+01   1.172300E+01
     439  -4.815000E+01   1.172600E+01
     440  -6.936100E+01   1.172900E+01
     441  -6.367300E+01   1.173200E+01
     442  -6.247700E+01   1.173400E+01
     443  -5.010700E+01   1.173600E+01
     444  -6.380400E+01   1.173800E+01
     445  -5.379000E+01   1.174000E+01
     446  -5.869300E+01   1.174100E+01
     447  -7.436700E+01   1.174200E+01
     448  -7.271400E+01   1.174300E+01
     449  -5.423600E+01   1.174400E+01
     450  -6.344500E+01   1.174400E+01
     451  -6.432200E+01   1.174300E+01
     452  -8.450800E+01   1.174200E+01
     453  -6.778600E+01   1.174100E+01
     454  -7.214000E+01   1.174000E+01
     455  -6.465500E+01   1.173700E+01
     456  -9.496900E+01   1.173500E+01
     457  -6.359400E+01   1.173200E+01
     458  -7.858300E+01   1.172800E+01
     459  -8.236300E+01   1.172400E+01
     460  -7.849400E+01   1.172000E+01
     461  -8.214400E+01   1.171500E+01
     462  -7.091300E+01   1.171000E+01
     463  -7.112100E+01   1.170400E+01
     464  -7.241400E+01   1.169700E+01
     465  -8.799900E+01   1.169100E+01
     466  -7.398900E+01   1.168300E+01
     467  -9.735600E+01   1.167600E+01
     468  -9.320600E+01   1.166800E+01
     469  -8.372600E+01   1.165900E+01
     470  -8.252500E+01   1.165000E+01
     471  -7.884800E+01   1.164100E+01
     472  -6.148900E+01   1.163100E+01
     473  -6.426200E+01   1.162100E+01
     474  -6.874700E+01   1.161100E+01
     475  -7.461600E+01   1.160000E+01
     476  -9.149900E+01   1.158900E+01
     477  -7.583300E+01   1.157700E+01
     478  -7.753400E+01   1.156600E+01
     479  -6.811700E+01   1.155400E+01
     480  -8.563600E+01   1.154200E+01
     481  -7.202600E+01   1.153000E+01
     482  -5.920500E+01   1.151700E+01
     483  -6.500100E+01   1.150500E+01
     484  -7.681300E+01   1.149200E+01
     485  -6.003300E+01   1.147900E+01
     486  -9.382600E+01   1.146700E+01
     487  -6.027900E+01   1.145400E+01
     488  -5.577600E+01   1.144100E+01
     489  -6.231300E+01   1.142800E+01
     490  -6.927900E+01   1.141500E+01
     491  -7.407500E+01   1.140300E+01
     492  -8.161600E+01   1.139000E+01
     493  -8.284500E+01   1.137800E+01
     494  -8.416700E+01   1.136600E+01
     495  -6.386200E+01   1.135400E+01
     496  -5.292500E+01   1.134300E+01
     497  -8.128500E+01   1.133100E+01
     498  -6.472400E+01   1.132100E+01
     499  -4.887300E+01   1.131000E+01
     500  -6.721200E+01   1.130000E+01
     501  -5.881800E+01   1.129000E+01
     502  -5.490600E+01   1.128100E+01
     503  -5.537000E+01   1.126600E+01
     504  -4.773000E+01   1.125800E+01
     505  -3.728900E+01   1.069700E+01
     506  -4.117100E+01   1.068400E+01
     507  -5.123700E+01   1.066500E+01
     508  -5.715100E+01   1.065400E+01
     509  -4.835100E+01   1.064300E+01
     510  -5.125200E+01   1.063400E+01
     511  -4.106200E+01   1.062500E+01
     512  -4.469800E+01   1.061700E+01
     513  -4.106400E+01   1.060900E+01
     514  -5.147600E+01   1.060300E+01
     515  -5.826400E+01   1.059800E+01
     516  -5.218200E+01   1.059400E+01
     517  -3.406400E+01   1.059100E+01
     518  -5.032900E+01   1.058800E+01
     519  -1.504700E+01   1.058700E+01
     520  -4.119300E+01   1.058700E+01
     521  -3.479500E+01   1.058800E+01
     522  -4.814300E+01   1.059000E+01
     523  -3.584300E+01   1.059300E+01
     524  -1.539500E+01   1.059700E+01
     525  -1.958700E+01   1.060200E+01
     526  -1.392900E+01   1.060700E+01
     527  -4.226800E+01   1.061500E+01
     528  -2.978700E+01   1.062400E+01
     529  -1.667800E+01   1.063300E+01
     530  -3.326600E+01   1.064400E+01
     531  -7.628000E+00   1.065600E+01
     532  -2.730900E+01   1.066900E+01
     533  -2.899800E+01   1.068300E+01
     534  -2.267000E+01   1.069800E+01
     535  -4.141800E+01   1.071500E+01
     536  -5.209000E+00   1.073200E+01
     537  -6.176000E+00   1.075000E+01
     538  -1.301900E+01   1.077000E+01
     539  -1.764000E+01   1.079000E+01
     540  -1.001100E+01   1.081000E+01
     541   8.499000E+00   1.083200E+01
     542  -1.775500E+01   1.085600E+01
     543   1.156500E+01   1.088000E+01
     544   6.298000E+00   1.090500E+01
     545   1.851000E+00   1.093100E+01
     546  -1.653900E+01   1.095800E+01
     547   4.211000E+00   1.098600E+01
     548  -1.475000E+00   1.101400E+01
     549  -6.354000E+00   1.104300E+01
     550  -6.987000E+00   1.107300E+01
     551  -5.790000E-01   1.110400E+01
     552   4.499000E+00   1.113500E+01
     553  -8.747000E+00   1.116700E+01
     554  -1.106500E+01   1.119900E+01
     555   4.355000E+00   1.123200E+01
     556   4.271100E+01   1.126600E+01
     557   1.203400E+01   1.130000E+01
     558   4.169000E+00   1.133400E+01
     559  -4.084000E+00   1.136900E+01
     560   4.521000E+00   1.140400E+01
     561   9.963000E+00   1.144000E+01
     562   2.126600E+01   1.147600E+01
     563   1.090700E+01   1.151200E+01
     564   2.863400E+01   1.154900E+01
     565  -1.575300E+01   1.158500E+01
     566   2.640700E+01   1.162200E+01
     567   2.319900E+01   1.165900E+01
     568   1.389300E+01   1.169600E+01
     569   5.519000E+00   1.173300E+01
     570   1.494300E+01   1.177200E+01
     571   1.811300E+01   1.180900E+01
     572   3.391000E+01   1.184600E+01
     573   3.167900E+01   1.188300E+01
     574   2.107300E+01   1.192000E+01
     575   2.539500E+01   1.195700E+01
     576   1.174700E+01   1.199400E+01
     577   2.212800E+01   1.203000E+01
     578   2.336400E+01   1.206700E+01
     579   1.128900E+01   1.210300E+01
     580   2.833900E+01   1.213900E+01
     581   3.334800E+01   1.217400E+01
     582   3.174800E+01   1.221000E+01
     583   2.247000E+01   1.224600E+01
     584   3.052000E+01   1.228100E+01
     585   3.482500E+01   1.231500E+01
     586   6.071000E+00   1.234900E+01
     587   3.798500E+01   1.238300E+01
     588   2.902800E+01   1.241600E+01
     589   3.614400E+01   1.244800E+01
     590   3.318800E+01   1.248000E+01
     591   2.401400E+01   1.251200E+01
     592   1.401500E+01   1.254300E+01
     593   2.982100E+01   1.257400E+01
     594   3.309100E+01   1.260500E+01
     595   4.585300E+01   1.263400E+01
     596   3.365500E+01   1.266400E+01
     597   1.259200E+01   1.269300E+01
     598   1.669800E+01   1.272100E+01
     599   3.624400E+01   1.274900E+01
     600   5.971000E+00   1.277600E+01
     601   3.940000E+01   1.280300E+01
     602   5.083100E+01   1.282900E+01
     603   1.336000E+01   1.285400E+01
     604   2.445400E+01   1.287900E+01
     605   2.645600E+01   1.290400E+01
     606   3.387600E+01   1.292800E+01
     607   4.382300E+01   1.295200E+01
     608   3.280900E+01   1.297500E+01
     609   1.667000E+01   1.299700E+01
     610   2.740500E+01   1.301900E+01
     611   5.797500E+01   1.304100E+01
     612   1.549200E+01   1.306200E+01
     613   3.284500E+01   1.308200E+01
     614   9.760000E-01   1.310200E+01
     615   1.172700E+01   1.312200E+01
     616   5.462100E+01   1.314100E+01
     617   3.509200E+01   1.316000E+01
     618   4.803200E+01   1.317800E+01
     619   2.045700E+01   1.319600E+01
     620   1.644700E+01   1.321300E+01
     621   1.756600E+01   1.323000E+01
     622   2.924200E+01   1.324700E+01
     623  -1.106300E+01   1.326300E+01
     624   2.224100E+01   1.327900E+01
     625   1.973900E+01   1.329500E+01
     626   6.761000E+00   1.331000E+01
     627   5.682000E+00   1.332500E+01
     628   1.726300E+01   1.334000E+01
     629   7.637000E+00   1.335500E+01
     630   4.114000E+00   1.336900E+01
     631   9.323000E+00   1.338300E+01
     632   2.944300E+01   1.339700E+01
     633   2.071000E+00   1.341100E+01
     634   4.340000E+00   1.342400E+01
     635   1.170300E+01   1.343800E+01
     636   2.087000E+00   1.345100E+01
     637   1.299800E+01   1.346400E+01
     638  -7.754000E+00   1.347700E+01
     639   3.801000E+00   1.349000E+01
     640  -3.990000E-01   1.350300E+01
     641   1.086500E+01   1.351600E+01
     642  -1.710900E+01   1.352900E+01
     643  -2.556000E+00   1.354200E+01
     644   1.209700E+01   1.355500E+01
     645   2.619000E+00   1.356800E+01
     646   3.976000E+00   1.358100E+01
     647  -1.959600E+01   1.359500E+01
     648  -1.323700E+01   1.360800E+01
     649  -6.125000E+00   1.362100E+01
     650   1.410000E+00   1.363500E+01
     651  -2.833300E+01   1.364900E+01
     652  -4.239000E+00   1.366300E+01
     653  -2.514700E+01   1.367700E+01
     654  -1.070100E+01   1.369100E+01
     655  -4.176900E+01   1.370500E+01
     656  -3.490200E+01   1.372000E+01
     657   2.206000E+00   1.373500E+01
     658  -1.637800E+01   1.375000E+01
     659  -2.257000E+01   1.376500E+01
     660   3.469000E+00   1.378100E+01
     661  -4.236000E+01   1.379700E+01
     662  -4.803200E+01   1.381300E+01
     663  -2.070800E+01   1.382900E+01
     664  -4.420200E+01   1.384600E+01
     665  -1.556300E+01   1.386300E+01
     666  -5.741300E+01   1.388000E+01
     667  -5.728800E+01   1.389700E+01
     668  -3.852000E+01   1.391500E+01
     669  -3.440700E+01   1.393300E+01
     670  -5.252000E+01   1.395200E+01
     671  -5.219500E+01   1.397100E+01
     672  -8.247900E+01   1.399000E+01
     673  -6.706000E+01   1.400900E+01
     674  -5.325300E+01   1.402800E+01
     675  -7.694800E+01   1.404800E+01
     676  -7.476100E+01   1.406900E+01
     677  -7.989000E+01   1.408900E+01
     678  -5.098600E+01   1.411000E+01
     679  -6.416300E+01   1.413100E+01
     680  -8.040400E+01   1.415200E+01
     681  -3.859200E+01   1.417400E+01
     682  -7.472200E+01   1.419500E+01
     683  -8.167200E+01   1.421700E+01
     684  -5.414500E+01   1.424000E+01
     685  -7.450100E+01   1.426200E+01
     686  -1.028030E+02   1.428400E+01
     687  -1.018230E+02   1.430700E+01
     688  -6.533000E+01   1.433000E+01
     689  -7.634700E+01   1.435300E+01
     690  -9.225800E+01   1.437600E+01
     691  -4.536200E+01   1.440000E+01
     692  -8.016100E+01   1.442300E+01
     693  -8.366100E+01   1.444600E+01
     694  -8.816400E+01   1.447000E+01
     695  -9.763700E+01   1.449300E+01
     696  -9.672100E+01   1.451700E+01
     697  -1.224460E+02   1.454000E+01
     698  -8.884500E+01   1.456400E+01
     699  -7.631500E+01   1.458800E+01
     700  -7.298800E+01   1.461100E+01
     701  -8.801900E+01   1.463400E+01
     702  -1.121160E+02   1.465800E+01
     703  -1.039190E+02   1.468100E+01
     704  -9.494300E+01   1.470400E+01
     705  -1.009600E+02   1.472700E+01
     706  -8.506800E+01   1.475000E+01
     707  -9.481400E+01   1.477300E+01
     708  -9.929700E+01   1.479500E+01
     709  -9.093100E+01   1.481700E+01
     710  -1.140280E+02   1.483900E+01
     711  -1.092660E+02   1.486100E+01
     712  -9.860400E+01   1.488300E+01
     713  -1.046190E+02   1.490400E+01
     714  -1.284600E+02   1.492500E+01
     715  -9.517900E+01   1.494500E+01
     716  -1.189170E+02   1.496500E+01
     717  -1.077630E+02   1.498500E+01
     718  -1.129570E+02   1.500500E+01
     719  -1.477320E+02   1.502400E+01
     720  -1.089850E+02   1.504200E+01
     721  -1.051420E+02   1.506100E+01
     722  -1.189850E+02   1.507800E+01
     723  -1.471740E+02   1.509600E+01
     724  -1.377710E+02   1.511300E+01
     725  -1.178100E+02   1.512900E+01
     726  -1.192250E+02   1.514500E+01
     727  -1.409030E+02   1.516000E+01
     728  -8.669300E+01   1.517500E+01
     729  -1.393190E+02   1.518900E+01
     730  -1.118380E+02   1.520200E+01
     731  -1.106910E+02   1.521500E+01
     732  -1.311970E+02   1.522800E+01
     733  -1.420050E+02   1.524000E+01
     734  -1.280600E+02   1.525100E+01
     735  -1.171070E+02   1.526200E+01
     736  -1.449270E+02   1.527200E+01
     737  -1.402650E+02   1.528100E+01
     738  -1.188100E+02   1.529000E+01
     739  -1.226600E+02   1.529800E+01
     740  -1.293390E+02   1.530600E+01
     741  -1.199020E+02   1.531300E+01
     742  -1.409170E+02   1.531900E+01
     743  -1.249870E+02   1.532500E+01
     744  -1.128940E+02   1.533000E+01
     745  -1.484070E+02   1.533400E+01
     746  -1.464520E+02   1.533800E+01
     747  -1.361630E+02   1.534200E+01
     748  -1.301390E+02   1.534400E+01
     749  -1.406940E+02   1.534600E+01
     750  -1.269360E+02   1.534700E+01
     751  -1.303840E+02   1.534800E+01
     752  -1.111050E+02   1.534800E+01
     753  -1.350690E+02   1.534800E+01
     754  -1.571430E+02   1.534700E+01
     755  -1.138850E+02   1.534500E+01
     756  -1.395940E+02   1.534300E+01
     757  -1.247220E+02   1.534000E+01
     758  -1.090320E+02   1.533700E+01
     759  -1.467540E+02   1.533300E+01
     760  -1.487680E+02   1.532800E+01
     761  -1.342210E+02   1.532300E+01
     762  -1.164400E+02   1.531800E+01
     763  -1.139280E+02   1.531200E+01
     764  -1.248280E+02   1.530500E+01
     765  -1.122250E+02   1.529800E+01
     766  -1.051180E+02   1.529000E+01
     767  -1.412300E+02   1.528300E+01
     768  -1.186830E+02   1.527400E+01
     769  -1.380760E+02   1.526600E+01
     770  -1.259850E+02   1.525600E+01
     771  -9.624600E+01   1.524700E+01
     772  -1.252850E+02   1.523700E+01
     773  -9.722900E+01   1.522700E+01
     774  -1.092640E+02   1.521600E+01
     775  -1.073560E+02   1.520500E+01
     776  -1.053900E+02   1.519400E+01
     777  -1.206320E+02   1.518200E+01
     778  -1.447830E+02   1.517100E+01
     779  -8.157600E+01   1.515900E+01
     780  -1.043450E+02   1.514600E+01
     781  -9.295700E+01   1.513400E+01
     782  -1.385700E+02   1.512100E+01
     783  -1.047150E+02   1.510900E+01
     784  -9.975300E+01   1.509600E+01
     785  -1.326000E+02   1.508300E+01
     786  -1.183260E+02   1.506900E+01
     787  -1.035000E+02   1.505600E+01
     788  -1.277890E+02   1.504300E+01
     789  -1.038500E+02   1.502900E+01
     790  -8.777500E+01   1.501600E+01
     791  -9.034600E+01   1.500300E+01
     792  -8.566000E+01   1.499000E+01
     793  -7.716400E+01   1.497600E+01
     794  -1.154030E+02   1.496300E+01
     795  -7.964600E+01   1.495000E+01
     796  -1.053150E+02   1.493700E+01
     797  -1.074100E+02   1.492400E+01
     798  -9.674400E+01   1.491200E+01
     799  -9.187500E+01   1.489900E+01
     800  -6.895200E+01   1.488600E+01
     801  -6.090800E+01   1.487400E+01
     802  -6.210000E+01   1.486200E+01
     803  -7.870000E+01   1.485000E+01
     804  -8.816300E+01   1.483900E+01
     805  -9.210800E+01   1.482700E+01
     806  -7.430400E+01   1.481600E+01
     807  -7.337500E+01   1.480500E+01
     808  -1.040130E+02   1.479500E+01
     809  -7.343800E+01   1.478500E+01
     810  -5.696800E+01   1.477500E+01
     811  -7.190900E+01   1.476500E+01
     812  -7.910800E+01   1.475600E+01
     813  -7.549000E+01   1.474700E+01
     814  -3.649200E+01   1.473900E+01
     815  -9.405400E+01   1.473100E+01
     816  -4.482000E+01   1.472300E+01
     817  -5.176400E+01   1.471600E+01
     818  -6.358300E+01   1.470900E+01
     819  -7.513400E+01   1.470300E+01
     820  -6.151200E+01   1.469700E+01
     821  -6.974800E+01   1.469100E+01
     822  -3.769700E+01   1.468600E+01
     823  -7.466900E+01   1.468100E+01
     824  -3.461300E+01   1.467700E+01
     825  -5.707200E+01   1.467300E+01
     826  -4.634600E+01   1.466900E+01
     827  -4.903200E+01   1.466600E+01
     828  -3.555900E+01   1.466400E+01
     829  -1.217000E+01   1.466200E+01
     830  -4.989300E+01   1.466000E+01
     831  -5.175700E+01   1.465900E+01
     832  -3.594400E+01   1.465800E+01
     833  -4.384000E+01   1.465800E+01
     834  -1.741400E+01   1.465800E+01
     835  -6.278000E+00   1.465800E+01
     836  -2.324800E+01   1.465900E+01
     837  -1.508000E+01   1.466000E+01
     838  -1.392900E+01   1.466200E+01
     839  -1.854000E+01   1.466400E+01
     840  -1.780000E+01   1.466600E+01
     841  -4.547000E+00   1.466900E+01
     842  -2.761500E+01   1.467200E+01
     843  -3.789300E+01   1.467500E+01
     844  -2.180300E+01   1.467900E+01
     845   1.095000E+00   1.468300E+01
     846  -1.679000E+01   1.468700E+01
     847   3.911000E+00   1.469200E+01
     848   1.209800E+01   1.469700E+01
     849  -1.739000E+00   1.470200E+01
     850   3.576000E+00   1.470800E+01
     851  -2.582600E+01   1.471400E+01
     852   8.529000E+00   1.471900E+01
     853   1.641000E+01   1.472600E+01
     854   1.263000E+00   1.473200E+01
     855   1.872200E+01   1.473800E+01
     856   5.302000E+00   1.474500E+01
     857  -9.258000E+00   1.475100E+01
     858  -2.821200E+01   1.475800E+01
     859   3.093000E+00   1.476500E+01
     860   1.707500E+01   1.477200E+01
     861   2.827200E+01   1.477900E+01
     862   2.416000E+01   1.478600E+01
     863   3.518000E+00   1.479300E+01
     864   4.633400E+01   1.480000E+01
     865   2.870800E+01   1.480700E+01
     866   2.196000E+01   1.481400E+01
     867   4.599200E+01   1.482100E+01
     868   2.730500E+01   1.482800E+01
     869   2.915500E+01   1.483400E+01
     870   1.354400E+01   1.484100E+01
     871   3.595000E+00   1.484800E+01
     872   1.970200E+01   1.485400E+01
     873   5.055700E+01   1.486100E+01
     874   3.928700E+01   1.486700E+01
     875   1.150500E+01   1.487300E+01
     876   5.571700E+01   1.487800E+01
     877   4.212100E+01   1.488400E+01
     878   1.686400E+01   1.488900E+01
     879   5.071600E+01   1.489400E+01
     880   5.205600E+01   1.489900E+01
     881   4.701800E+01   1.490300E+01
     882   5.754100E+01   1.490800E+01
     883   6.017200E+01   1.491100E+01
     884   4.596100E+01   1.491500E+01
     885   3.755300E+01   1.491800E+01
     886   3.320200E+01   1.492100E+01
     887   7.216100E+01   1.492300E+01
     888   4.863600E+01   1.492500E+01
     889   3.171600E+01   1.492700E+01
     890   5.463100E+01   1.492800E+01
     891   6.706900E+01   1.492900E+01
     892   7.504700E+01   1.492900E+01
     893   6.760300E+01   1.492900E+01
     894   6.048800E+01   1.492800E+01
     895   7.600500E+01   1.492700E+01
     896   3.378600E+01   1.492600E+01
     897   4.504100E+01   1.492400E+01
     898   2.483500E+01   1.492100E+01
     899   3.882500E+01   1.491800E+01
     900   6.203700E+01   1.491500E+01
     901   7.492000E+01   1.491100E+01
     902   6.045500E+01   1.490600E+01
     903   5.388100E+01   1.490100E+01
     904   4.684100E+01   1.489600E+01
     905   4.080800E+01   1.489000E+01
     906   8.353500E+01   1.488300E+01
     907   7.905100E+01   1.487600E+01
     908   5.651700E+01   1.486900E+01
     909   1.697900E+01   1.486100E+01
     910   6.600000E+01   1.485200E+01
     911   9.968700E+01   1.484300E+01
     912   8.106100E+01   1.483300E+01
     913   6.881900E+01   1.482300E+01
     914   4.025600E+01   1.481300E+01
     915   5.343700E+01   1.480200E+01
     916   7.299400E+01   1.479000E+01
     917   6.617300E+01   1.477800E+01
     918   5.799900E+01   1.476500E+01
     919   5.125900E+01   1.475200E+01
     920   7.386700E+01   1.473900E+01
     921   4.639800E+01   1.472500E+01
     922   7.970400E+01   1.471000E+01
     923   5.973300E+01   1.469500E+01
     924   2.375100E+01   1.468000E+01
     925   4.184300E+01   1.466400E+01
     926   4.897500E+01   1.464800E+01
     927   9.844900E+01   1.463200E+01
     928   5.573300E+01   1.461500E+01
     929   4.490400E+01   1.459800E+01
     930   6.624800E+01   1.458000E+01
     931   4.808600E+01   1.456200E+01
     932   6.531100E+01   1.454400E+01
     933   4.399000E+01   1.452500E+01
     934   6.446300E+01   1.450600E+01
     935   5.928900E+01   1.448700E+01
     936   3.654400E+01   1.446800E+01
     937   6.066600E+01   1.444800E+01
     938   6.234700E+01   1.442800E+01
     939   4.588900E+01   1.440800E+01
     940   5.727000E+01   1.438800E+01
     941   5.439400E+01   1.436700E+01
     942   1.073700E+01   1.434600E+01
     943   5.291900E+01   1.432600E+01
     944   5.644100E+01   1.430500E+01
     945   4.760200E+01   1.428300E+01
     946   2.822900E+01   1.426200E+01
     947   4.689900E+01   1.424100E+01
     948   3.810900E+01   1.422000E+01
     949   5.484800E+01   1.419800E+01
     950   5.564200E+01   1.417700E+01
     951   3.825200E+01   1.415500E+01
     952   2.824300E+01   1.413400E+01
     953   5.956200E+01   1.411300E+01
     954   2.556600E+01   1.409100E+01
     955   3.460500E+01   1.407000E+01
     956   5.844200E+01   1.404900E+01
     957   4.638500E+01   1.402800E+01
     958   2.416400E+01   1.400700E+01
     959   1.525400E+01   1.398600E+01
     960   5.322800E+01   1.396600E+01
     961   1.762100E+01   1.394600E+01
     962   1.853700E+01   1.392600E+01
     963   3.141300E+01   1.390600E+01
     964   3.884400E+01   1.388600E+01
     965   6.680000E-01   1.386700E+01
     966  -5.747000E+00   1.384800E+01
     967   1.957900E+01   1.382900E+01
     968   3.040300E+01   1.381100E+01
     969   2.900200E+01   1.379300E+01
     970   1.339900E+01   1.377500E+01
     971   2.542900E+01   1.375800E+01
     972   1.832000E+01   1.374100E+01
     973   1.621500E+01   1.372400E+01
     974   2.163600E+01   1.370800E+01
     975   1.379500E+01   1.369300E+01
     976   6.478000E+00   1.367800E+01
     977   2.310500E+01   1.366300E+01
     978   1.514500E+01   1.364900E+01
     979  -1.958000E+00   1.363500E+01
     980   2.225600E+01   1.362200E+01
     981  -2.362300E+01   1.360900E+01
     982   3.448600E+01   1.359700E+01
     983   9.231000E+00   1.358500E+01
     984   1.258000E+01   1.357400E+01
     985   7.574000E+00   1.356400E+01
     986  -1.214600E+01   1.355400E+01
     987  -9.041000E+00   1.354500E+01
     988  -1.194900E+01   1.353600E+01
     989  -4.646000E+00   1.352800E+01
     990  -2.757300E+01   1.352000E+01
     991  -1.677000E+01   1.351300E+01
     992  -7.000000E+00   1.350700E+01
     993  -1.359300E+01   1.350100E+01
     994  -2.150800E+01   1.349600E+01
     995  -1.201300E+01   1.349200E+01
     996  -1.440400E+01   1.348800E+01
     997  -1.319300E+01   1.348500E+01
     998  -2.250900E+01   1.350300E+01
     999  -2.391100E+01   1.350100E+01
    1000  -3.071100E+01   1.532200E+01
    1001  -2.473200E+01   1.531800E+01
    1002  -5.001100E+01   1.543000E+01
    1003  -3.461800E+01   1.542600E+01
    1004  -3.382400E+01   1.542400E+01
    1005  -5.119600E+01   1.542200E+01
    1006  -6.204500E+01   1.542100E+01
    1007  -3.470100E+01   1.542000E+01
    1008  -2.580500E+01   1.542000E+01
    1009  -7.021400E+01   1.542100E+01
    1010  -2.311100E+01   1.542200E+01
    1011  -3.415200E+01   1.542400E+01
    1012  -3.851000E+01   1.542600E+01
    1013  -3.111800E+01   1.542900E+01
    1014  -6.174800E+01   1.543300E+01
    1015  -4.371800E+01   1.543700E+01
    1016  -5.327600E+01   1.544200E+01
    1017  -5.838600E+01   1.544700E+01
    1018  -5.615000E+01   1.545300E+01
    1019  -6.284800E+01   1.546000E+01
    1020  -3.761700E+01   1.546700E+01
    1021  -5.041000E+01   1.547400E+01
    1022  -2.397600E+01   1.548200E+01
    1023  -3.625800E+01   1.549000E+01
    1024  -6.360400E+01   1.549900E+01
    1025  -3.803700E+01   1.550900E+01
    1026  -7.136800E+01   1.551800E+01
    1027  -5.158600E+01   1.552900E+01
    1028  -6.196600E+01   1.553900E+01
    1029  -3.285200E+01   1.555100E+01
    1030  -5.599300E+01   1.556200E+01
    1031  -6.686500E+01   1.557400E+01
    1032  -6.526800E+01   1.558600E+01
    1033  -5.719300E+01   1.559900E+01
    1034  -4.822600E+01   1.561200E+01
    1035  -6.588600E+01   1.562500E+01
    1036  -4.567100E+01   1.563900E+01
    1037  -5.865200E+01   1.565300E+01
    1038  -7.762000E+01   1.566700E+01
    1039  -8.035500E+01   1.568200E+01
    1040  -5.400900E+01   1.569700E+01
    1041  -1.294000E+01   1.571200E+01
    1042  -7.432900E+01   1.572700E+01
    1043  -7.328700E+01   1.574200E+01
    1044  -5.848200E+01   1.575800E+01
    1045  -7.106400E+01   1.577400E+01
    1046  -6.496200E+01   1.579000E+01
    1047  -7.912400E+01   1.580600E+01
    1048  -8.705600E+01   1.582300E+01
    1049  -8.830600E+01   1.583900E+01
    1050  -4.835000E+01   1.585600E+01
    1051  -8.398400E+01   1.587300E+01
    1052  -8.815300E+01   1.589000E+01
    1053  -6.578600E+01   1.590700E+01
    1054  -5.886300E+01   1.592400E+01
    1055  -9.061200E+01   1.594100E+01
    1056  -8.421500E+01   1.595800E+01
    1057  -7.491800E+01   1.597500E+01
    1058  -1.060110E+02   1.599200E+01
    1059  -9.974900E+01   1.601000E+01
    1060  -6.276900E+01   1.602700E+01
    1061  -7.737500E+01   1.604400E+01
    1062  -1.029510E+02   1.606200E+01
    1063  -7.532500E+01   1.607900E+01
    1064  -7.331600E+01   1.609600E+01
    1065  -9.811700E+01   1.611300E+01
    1066  -5.587500E+01   1.613100E+01
    1067  -7.041000E+01   1.614800E+01
    1068  -1.091490E+02   1.616500E+01
    1069  -8.473300E+01   1.618200E+01
    1070  -8.775300E+01   1.619900E+01
    1071  -7.598800E+01   1.621600E+01
    1072  -8.973600E+01   1.623300E+01
    1073  -8.635800E+01   1.625000E+01
    1074  -5.123400E+01   1.626600E+01
    1075  -6.908800E+01   1.628300E+01
    1076  -1.000480E+02   1.630000E+01
    1077  -8.478300E+01   1.631600E+01
    1078  -4.794100E+01   1.633200E+01
    1079  -9.705100E+01   1.634900E+01
    1080  -9.364800E+01   1.636500E+01
    1081  -5.588600E+01   1.638100E+01
    1082  -8.031800E+01   1.639700E+01
    1083  -1.080680E+02   1.641200E+01
    1084  -7.243800E+01   1.642800E+01
    1085  -6.865400E+01   1.644300E+01
    1086  -5.676100E+01   1.645900E+01
    1087  -1.007380E+02   1.647400E+01
    1088  -6.685500E+01   1.648900E+01
    1089  -5.406400E+01   1.650400E+01
    1090  -4.771700E+01   1.651900E+01
    1091  -9.004700E+01   1.653400E+01
    1092  -6.452600E+01   1.654800E+01
    1093  -7.989400E+01   1.656300E+01
    1094  -9.953200E+01   1.657700E+01
    1095  -8.350700E+01   1.659100E+01
    1096  -7.081600E+01   1.660500E+01
    1097  -7.506900E+01   1.661900E+01
    1098  -7.962600E+01   1.663200E+01
    1099  -5.879000E+01   1.664600E+01
    1100  -6.925000E+01   1.665900E+01
    1101  -4.924200E+01   1.667200E+01
    1102  -6.517700E+01   1.668500E+01
    1103  -6.034600E+01   1.669800E+01
    1104  -6.321800E+01   1.671100E+01
    1105  -3.831700E+01   1.672400E+01
    1106  -1.871900E+01   1.673600E+01
    1107  -9.163800E+01   1.674800E+01
    1108  -6.713200E+01   1.676100E+01
    1109  -8.805000E+01   1.677300E+01
    1110  -3.298400E+01   1.678400E+01
    1111  -4.510200E+01   1.679600E+01
    1112  -7.749100E+01   1.680800E+01
    1113  -6.956100E+01   1.681900E+01
    1114  -4.742500E+01   1.683000E+01
    1115  -1.438900E+01   1.684100E+01
    1116  -8.531600E+01   1.685200E+01
    1117  -6.730000E+01   1.686300E+01
    1118  -4.261200E+01   1.687400E+01
    1119  -5.430500E+01   1.688400E+01
    1120  -1.965100E+01   1.689500E+01
    1121  -4.880800E+01   1.690500E+01
    1122  -6.263600E+01   1.691500E+01
    1123  -4.733300E+01   1.692500E+01
    1124  -5.046100E+01   1.693400E+01
    1125  -4.687300E+01   1.694400E+01
    1126  -4.776600E+01   1.695400E+01
    1127  -6.740700E+01   1.696300E+01
    1128  -3.890200E+01   1.697200E+01
    1129  -5.979100E+01   1.698100E+01
    1130  -5.492400E+01   1.699000E+01
    1131  -2.635700E+01   1.699900E+01
    1132  -3.656800E+01   1.700800E+01
    1133  -3.337100E+01   1.701600E+01
    1134  -3.473200E+01   1.702500E+01
    1135  -7.011600E+01   1.703300E+01
    1136  -8.397300E+01   1.704100E+01
    1137  -4.276800E+01   1.704900E+01
    1138  -4.542900E+01   1.705600E+01
    1139  -3.557600E+01   1.706400E+01
    1140  -3.173900E+01   1.707100E+01
    1141  -5.364500E+01   1.707800E+01
    1142  -5.372900E+01   1.708500E+01
    1143  -4.953100E+01   1.709200E+01
    1144  -3.664900E+01   1.709900E+01
    1145  -6.756000E+00   1.710500E+01
    1146  -9.446000E+00   1.711100E+01
    1147  -2.709700E+01   1.711700E+01
    1148  -4.252100E+01   1.712300E+01
    1149  -9.646000E+00   1.712900E+01
    1150  -1.187100E+01   1.713400E+01
    1151  -4.110200E+01   1.714000E+01
    1152  -2.806300E+01   1.714500E+01
    1153  -3.591700E+01   1.715000E+01
    1154  -2.761300E+01   1.715500E+01
    1155  -4.081000E+00   1.715900E+01
    1156  -7.679000E+00   1.716400E+01
    1157  -4.590800E+01   1.716800E+01
    1158  -1.476600E+01   1.717200E+01
    1159  -5.356000E+00   1.717600E+01
    1160  -6.965000E+00   1.718000E+01
    1161  -2.250900E+01   1.718300E+01
    1162  -1.430800E+01   1.718600E+01
    1163  -3.132000E+01   1.719000E+01
    1164  -9.176000E+00   1.719200E+01
    1165  -1.310300E+01   1.719500E+01
    1166   1.322000E+00   1.719800E+01
    1167  -2.840000E+01   1.720000E+01
    1168  -4.678100E+01   1.720200E+01
    1169  -3.040900E+01   1.720400E+01
    1170  -3.664600E+01   1.720500E+01
    1171  -1.951200E+01   1.720700E+01
    1172  -2.820300E+01   1.720800E+01
    1173  -1.223800E+01   1.720900E+01
    1174  -1.332300E+01   1.720900E+01
    1175  -7.520000E-01   1.721000E+01
    1176  -2.154300E+01   1.721000E+01
    1177  -1.371500E+01   1.721000E+01
    1178  -3.837100E+01   1.721000E+01
    1179   2.156000E+01   1.721000E+01
    1180  -2.379000E+01   1.720900E+01
    1181   5.065000E+00   1.720800E+01
    1182  -2.101000E+01   1.720700E+01
    1183   2.205000E+00   1.720600E+01
    1184  -2.197000E+00   1.720400E+01
    1185   9.740000E-01   1.720300E+01
    1186  -1.537500E+01   1.720100E+01
    1187   5.708000E+00   1.719900E+01
    1188  -4.331700E+01   1.719600E+01
    1189  -1.019400E+01   1.719400E+01
    1190   9.050000E-01   1.719100E+01
    1191  -8.229000E+00   1.718800E+01
    1192   1.850800E+01   1.718400E+01
    1193  -1.336300E+01   1.718100E+01
    1194  -1.810500E+01   1.717700E+01
    1195   9.238000E+00   1.717300E+01
    1196  -3.072700E+01   1.716900E+01
    1197   1.007400E+01   1.716500E+01
    1198   1.864000E+01   1.716000E+01
    1199   4.724000E+00   1.715600E+01
    1200   3.130000E-01   1.715100E+01
    1201   2.484000E+00   1.714600E+01
    1202  -1.635200E+01   1.714000E+01
    1203  -1.282800E+01   1.713500E+01
    1204  -1.218700E+01   1.712900E+01
    1205  -1.170900E+01   1.712300E+01
    1206  -7.979000E+00   1.711700E+01
    1207   1.785700E+01   1.711100E+01
    1208   1.682000E+00   1.710500E+01
    1209  -2.116300E+01   1.709800E+01
    1210  -3.626000E+00   1.709200E+01
    1211   7.743000E+00   1.708500E+01
    1212   1.998200E+01   1.707800E+01
    1213   3.752900E+01   1.707100E+01
    1214   2.653000E+00   1.706400E+01
    1215  -8.166000E+00   1.705600E+01
    1216   2.212600E+01   1.704900E+01
    1217   4.205100E+01   1.704100E+01
    1218  -6.639000E+00   1.703300E+01
    1219  -3.556000E+00   1.702600E+01
    1220   1.686000E+01   1.701800E+01
    1221  -1.571100E+01   1.701000E+01
    1222  -1.481200E+01   1.700200E+01
    1223   2.966200E+01   1.699400E+01
    1224   8.308000E+00   1.698500E+01
    1225  -2.310800E+01   1.697700E+01
    1226   1.363400E+01   1.696900E+01
    1227  -1.453300E+01   1.696100E+01
    1228   7.022000E+00   1.695200E+01
    1229  -1.570300E+01   1.694400E+01
    1230   7.694000E+00   1.693600E+01
    1231   7.390000E+00   1.692700E+01
    1232   4.846000E+00   1.691900E+01
    1233   2.923000E+00   1.691100E+01
    1234   9.662000E+00   1.690200E+01
    1235  -2.642100E+01   1.689400E+01
    1236  -5.350000E-01   1.688600E+01
    1237  -8.552000E+00   1.687800E+01
    1238   1.210000E-01   1.687000E+01
    1239   7.150000E+00   1.686200E+01
    1240   1.682000E+00   1.685400E+01
    1241  -1.852000E+00   1.684600E+01
    1242  -1.384200E+01   1.683900E+01
    1243   3.422000E+00   1.683100E+01
    1244  -1.013000E+00   1.682400E+01
    1245  -4.310000E+00   1.681700E+01
    1246   1.175500E+01   1.681000E+01
    1247  -2.813000E+00   1.680300E+01
    1248  -7.870000E-01   1.679600E+01
    1249   5.502000E+00   1.678900E+01
    1250   1.635400E+01   1.678300E+01
    1251   9.947000E+00   1.677700E+01
    1252  -1.324800E+01   1.677100E+01
    1253  -4.340000E+00   1.676500E+01
    1254  -1.641000E+01   1.676000E+01
    1255  -2.294600E+01   1.675500E+01
    1256   1.677700E+01   1.675000E+01
    1257  -1.300200E+01   1.674500E+01
    1258  -1.797000E+00   1.674100E+01
    1259   1.408000E+01   1.673700E+01
    1260  -5.315000E+00   1.673300E+01
    1261  -1.796900E+01   1.673000E+01
    1262  -1.029300E+01   1.672700E+01
    1263  -9.576000E+00   1.672400E+01
    1264  -1.248000E+00   1.672200E+01
    1265  -7.873000E+00   1.672000E+01
    1266  -2.403000E+00   1.671800E+01
    1267  -2.974700E+01   1.671700E+01
    1268  -2.038900E+01   1.671600E+01
    1269  -1.146300E+01   1.671500E+01
    1270  -4.305000E+00   1.671500E+01
    1271   1.046000E+01   1.671500E+01
    1272  -1.794500E+01   1.671600E+01
    1273  -3.841400E+01   1.671700E+01
    1274  -2.408400E+01   1.671800E+01
    1275   1.833100E+01   1.672000E+01
    1276  -1.150400E+01   1.672300E+01
    1277  -6.560000E-01   1.672600E+01
    1278   5.969000E+00   1.672900E+01
    1279  -1.664300E+01   1.673200E+01
    1280  -2.354600E+01   1.673700E+01
    1281  -2.187000E+01   1.674100E+01
    1282  -4.062100E+01   1.674600E+01
    1283  -1.478400E+01   1.675200E+01
    1284  -2.304500E+01   1.675800E+01
    1285  -1.379500E+01   1.676400E+01
    1286  -3.092400E+01   1.677100E+01
    1287  -3.868300E+01   1.677900E+01
    1288  -7.743000E+00   1.678700E+01
    1289  -3.361400E+01   1.679500E+01
    1290  -3.536500E+01   1.680400E+01
    1291  -1.584100E+01   1.681400E+01
    1292  -3.725800E+01   1.682400E+01
    1293  -3.350600E+01   1.683400E+01
    1294  -2.287400E+01   1.684500E+01
    1295  -1.454400E+01   1.685700E+01
    1296  -4.156500E+01   1.686900E+01
    1297  -5.011700E+01   1.688100E+01
    1298  -2.885700E+01   1.689400E+01
    1299  -4.114600E+01   1.690700E+01
    1300  -1.453000E+01   1.692100E+01
    1301  -2.307000E+01   1.693600E+01
    1302  -5.074400E+01   1.695100E+01
    1303  -3.001200E+01   1.696600E+01
    1304  -2.155400E+01   1.698200E+01
    1305  -3.199600E+01   1.699900E+01
    1306  -3.156800E+01   1.701600E+01
    1307  -2.583200E+01   1.703300E+01
    1308  -2.263200E+01   1.705100E+01
    1309  -5.691100E+01   1.706900E+01
    1310  -2.818600E+01   1.708800E+01
    1311  -3.747400E+01   1.710700E+01
    1312  -8.856200E+01   1.712700E+01
    1313  -7.525200E+01   1.714700E+01
    1314  -4.872900E+01   1.716800E+01
    1315  -5.293400E+01   1.718900E+01
    1316  -3.865700E+01   1.721100E+01
    1317  -2.217100E+01   1.723200E+01
    1318  -5.936600E+01   1.725500E+01
    1319  -7.883200E+01   1.727800E+01
    1320  -2.623700E+01   1.730100E+01
    1321  -2.509600E+01   1.732500E+01
    1322  -5.859000E+01   1.734900E+01
    1323  -6.200700E+01   1.737300E+01
    1324  -8.570000E+01   1.739800E+01
    1325  -2.806700E+01   1.742300E+01
    1326  -5.589100E+01   1.744900E+01
    1327  -5.164100E+01   1.747500E+01
    1328  -6.119000E+01   1.750100E+01
    1329  -6.405100E+01   1.752700E+01
    1330  -5.403600E+01   1.755400E+01
    1331  -6.273300E+01   1.758200E+01
    1332  -3.831300E+01   1.760900E+01
    1333  -7.686800E+01   1.763700E+01
    1334  -4.485800E+01   1.766600E+01
    1335  -4.644600E+01   1.769400E+01
    1336  -7.399500E+01   1.772300E+01
    1337  -5.309100E+01   1.775200E+01
    1338  -3.656000E+00   1.778100E+01
    1339  -4.531500E+01   1.781100E+01
    1340  -6.022200E+01   1.784100E+01
    1341  -5.982300E+01   1.787100E+01
    1342  -6.148100E+01   1.790200E+01
    1343  -5.649400E+01   1.793200E+01
    1344  -1.892800E+01   1.796300E+01
    1345  -6.438700E+01   1.799400E+01
    1346  -7.454100E+01   1.802500E+01
    1347  -3.755700E+01   1.805700E+01
    1348  -5.267800E+01   1.808800E+01
    1349  -6.491200E+01   1.812000E+01
    1350  -1.024340E+02   1.815200E+01
    1351  -5.819900E+01   1.818400E+01
    1352  -7.055200E+01   1.821600E+01
    1353  -7.839200E+01   1.824900E+01
    1354  -6.587900E+01   1.828100E+01
    1355  -5.405900E+01   1.831400E+01
    1356  -3.186700E+01   1.834600E+01
    1357  -9.279300E+01   1.837900E+01
    1358  -6.649400E+01   1.841200E+01
    1359  -4.700500E+01   1.844500E+01
    1360  -7.502800E+01   1.847800E+01
    1361  -9.453800E+01   1.851100E+01
    1362  -4.578300E+01   1.854400E+01
    1363  -8.241200E+01   1.857800E+01
    1364  -6.261500E+01   1.861100E+01
    1365  -6.092700E+01   1.864400E+01
    1366  -4.650600E+01   1.867700E+01
    1367  -6.982100E+01   1.871100E+01
    1368  -4.582200E+01   1.874400E+01
    1369  -1.825600E+01   1.877700E+01
    1370  -6.319300E+01   1.881100E+01
    1371  -7.238400E+01   1.884400E+01
    1372  -4.862100E+01   1.887700E+01
    1373  -4.634300E+01   1.891000E+01
    1374  -8.900100E+01   1.894400E+01
    1375  -7.240100E+01   1.897700E+01
    1376  -2.234800E+01   1.901000E+01
    1377  -4.313500E+01   1.904300E+01
    1378  -5.978300E+01   1.907600E+01
    1379  -8.549700E+01   1.910900E+01
    1380  -6.016500E+01   1.914100E+01
    1381  -2.764600E+01   1.917400E+01
    1382  -5.362500E+01   1.920700E+01
    1383  -7.093100E+01   1.923900E+01
    1384  -2.012300E+01   1.927200E+01
    1385  -3.293000E+00   1.930400E+01
    1386  -6.151600E+01   1.933600E+01
    1387  -9.440700E+01   1.936800E+01
    1388  -7.382300E+01   1.940000E+01
    1389  -2.564100E+01   1.943200E+01
    1390  -7.605600E+01   1.946300E+01
    1391  -3.958100E+01   1.949500E+01
    1392  -8.863300E+01   1.952600E+01
    1393  -8.827100E+01   1.955700E+01
    1394  -6.208900E+01   1.958800E+01
    1395  -4.943900E+01   1.961900E+01
    1396  -6.967400E+01   1.964900E+01
    1397  -4.071100E+01   1.968000E+01
    1398  -5.856900E+01   1.971000E+01
    1399  -9.737800E+01   1.974000E+01
    1400  -4.830100E+01   1.977000E+01
    1401  -4.691600E+01   1.979900E+01
    1402  -5.965700E+01   1.982900E+01
    1403  -6.149500E+01   1.985800E+01
    1404  -6.769400E+01   1.988700E+01
    1405  -6.608100E+01   1.991500E+01
    1406  -7.822400E+01   1.994400E+01
    1407  -7.159200E+01   1.997200E+01
    1408  -5.308200E+01   2.000000E+01
    1409  -2.125600E+01   2.002800E+01
    1410  -4.441700E+01   2.005600E+01
    1411  -7.161600E+01   2.008300E+01
    1412  -8.142600E+01   2.011000E+01
    1413  -1.962500E+01   2.013700E+01
    1414  -8.695900E+01   2.016300E+01
    1415  -4.451000E+01   2.019000E+01
    1416  -4.016000E+01   2.021600E+01
    1417  -5.725900E+01   2.024200E+01
    1418  -3.191400E+01   2.026700E+01
    1419  -2.816000E+01   2.029200E+01
    1420  -7.268500E+01   2.031700E+01
    1421  -3.425000E+01   2.034200E+01
    1422  -7.125300E+01   2.036600E+01
    1423  -3.849300E+01   2.039000E+01
    1424  -5.092100E+01   2.041400E+01
    1425  -6.202200E+01   2.043800E+01
    1426  -4.998000E+01   2.046100E+01
    1427  -5.286100E+01   2.048500E+01
    1428  -4.257100E+01   2.050700E+01
    1429  -1.131900E+01   2.053000E+01
    1430  -4.206900E+01   2.055200E+01
    1431  -1.060200E+01   2.057400E+01
    1432  -3.896800E+01   2.059500E+01
    1433  -5.404500E+01   2.061700E+01
    1434  -1.606300E+01   2.063800E+01
    1435  -3.221400E+01   2.065800E+01
    1436  -2.387600E+01   2.067900E+01
    1437  -5.151300E+01   2.069900E+01
    1438  -4.495400E+01   2.071800E+01
    1439  -4.620000E+01   2.073800E+01
    1440  -6.463900E+01   2.075700E+01
    1441  -3.491700E+01   2.077600E+01
    1442  -1.133400E+01   2.079400E+01
    1443  -5.159700E+01   2.081200E+01
    1444  -4.777200E+01   2.083000E+01
    1445  -3.377300E+01   2.084800E+01
    1446  -4.241400E+01   2.086500E+01
    1447  -8.891000E+00   2.088200E+01
    1448  -5.334400E+01   2.089800E+01
    1449  -5.365300E+01   2.091500E+01
    1450  -4.141800E+01   2.093000E+01
    1451   5.800000E-01   2.094600E+01
    1452  -4.608300E+01   2.096100E+01
    1453  -1.247000E+00   2.097600E+01
    1454  -1.723200E+01   2.099100E+01
    1455  -3.229600E+01   2.100500E+01
    1456  -2.439900E+01   2.101900E+01
    1457  -1.029400E+01   2.103300E+01
    1458  -6.370300E+01   2.104600E+01
    1459  -1.079300E+01   2.105900E+01
    1460  -5.374000E+00   2.107200E+01
    1461  -5.186100E+01   2.108400E+01
    1462  -5.274500E+01   2.109600E+01
    1463  -1.479000E+01   2.110800E+01
    1464  -1.575600E+01   2.112000E+01
    1465  -1.347600E+01   2.113100E+01
    1466  -3.231500E+01   2.114200E+01
    1467  -1.498100E+01   2.115200E+01
    1468   1.324500E+01   2.116200E+01
    1469  -4.903000E+00   2.117200E+01
    1470  -5.200900E+01   2.118200E+01
    1471  -1.547000E+01   2.119100E+01
    1472   4.553000E+00   2.120000E+01
    1473  -1.529700E+01   2.120900E+01
    1474   1.840400E+01   2.121700E+01
    1475  -8.482000E+00   2.122500E+01
    1476  -2.934900E+01   2.123300E+01
    1477   3.173000E+01   2.124000E+01
    1478  -4.187000E+00   2.124800E+01
    1479  -4.491800E+01   2.125500E+01
    1480   1.476200E+01   2.126100E+01
    1481   4.281400E+01   2.126800E+01
    1482   8.812000E+00   2.127400E+01
    1483  -2.682800E+01   2.127900E+01
    1484   1.167900E+01   2.128500E+01
    1485  -4.667700E+01   2.129000E+01
    1486  -5.986600E+01   2.129500E+01
    1487   1.693200E+01   2.130000E+01
    1488  -2.509100E+01   2.130400E+01
    1489  -3.154100E+01   2.130900E+01
    1490   5.927000E+00   2.131300E+01
    1491   4.740000E+01   2.131600E+01
    1492  -5.167000E+00   2.132000E+01
    1493  -2.430700E+01   2.132300E+01
    1494  -2.308000E+00   2.132600E+01
    1495   5.930000E-01   2.132900E+01
    1496   3.514600E+01   2.133200E+01
    1497  -2.843000E+01   2.133400E+01
    1498   1.796900E+01   2.133600E+01
    1499  -2.561000E+00   2.133800E+01
    1500  -1.873800E+01   2.134000E+01
    1501  -4.567800E+01   2.134100E+01
    1502   7.586000E+00   2.134300E+01
    1503   1.212500E+01   2.134400E+01
    1504  -5.779000E+00   2.134500E+01
    1505  -4.956000E+00   2.134600E+01
    1506   1.810900E+01   2.134600E+01
    1507   1.100100E+01   2.134700E+01
    1508  -4.813000E+00   2.134700E+01
    1509   2.494900E+01   2.134800E+01
    1510   3.324800E+01   2.134800E+01
    1511  -1.901300E+01   2.134800E+01
    1512   6.958000E+00   2.134800E+01
    1513   2.491100E+01   2.134800E+01
    1514   2.499700E+01   2.134700E+01
    1515   8.354000E+00   2.134700E+01
    1516  -1.213000E+01   2.134600E+01
    1517   2.620900E+01   2.134600E+01
    1518   2.600900E+01   2.134500E+01
    1519  -3.400300E+01   2.134400E+01
    1520  -1.653600E+01   2.134300E+01
    1521  -3.443000E+00   2.134200E+01
    1522  -8.088000E+00   2.134100E+01
    1523   1.346500E+01   2.134000E+01
    1524   2.816700E+01   2.133900E+01
    1525  -3.537500E+01   2.133800E+01
    1526   2.237200E+01   2.133600E+01
    1527   7.882000E+00   2.133500E+01
    1528   7.932000E+00   2.133400E+01
    1529   6.636400E+01   2.133200E+01
    1530  -4.203000E+00   2.133100E+01
    1531  -3.085000E+00   2.133000E+01
    1532   1.583800E+01   2.132800E+01
    1533  -2.474100E+01   2.132700E+01
    1534   2.214500E+01   2.132600E+01
    1535   1.603300E+01   2.132500E+01
    1536   1.128000E+00   2.132300E+01
    1537  -2.442000E+00   2.132200E+01
    1538   1.054600E+01   2.132100E+01
    1539   6.530000E-01   2.132000E+01
    1540   2.186700E+01   2.131900E+01
    1541  -2.190200E+01   2.131800E+01
    1542  -4.900000E-01   2.131800E+01
    1543   2.240100E+01   2.131700E+01
    1544   3.606500E+01   2.131600E+01
    1545   1.859400E+01   2.131600E+01
    1546  -4.567500E+01   2.131600E+01
    1547   3.497900E+01   2.131600E+01
    1548   3.621000E+00   2.131600E+01
    1549  -3.344300E+01   2.131600E+01
    1550   2.222400E+01   2.131600E+01
    1551   3.050500E+01   2.131600E+01
    1552  -1.197600E+01   2.131700E+01
    1553  -2.063200E+01   2.131800E+01
    1554   3.030300E+01   2.131900E+01
    1555   3.102600E+01   2.132000E+01
    1556   6.503000E+00   2.132100E+01
    1557   5.756000E+00   2.132300E+01
    1558   3.180300E+01   2.132500E+01
    1559  -2.680900E+01   2.132700E+01
    1560   1.279100E+01   2.132900E+01
    1561   9.240000E+00   2.133200E+01
    1562  -2.498500E+01   2.133500E+01
    1563   2.929000E+00   2.133800E+01
    1564   2.836500E+01   2.134100E+01
    1565  -1.503500E+01   2.134500E+01
    1566  -1.001300E+01   2.134900E+01
    1567   2.120900E+01   2.135300E+01
    1568  -4.264000E+00   2.135800E+01
    1569  -9.977000E+00   2.136300E+01
    1570  -3.369700E+01   2.136800E+01
    1571   6.720000E-01   2.137400E+01
    1572  -4.521400E+01   2.138000E+01
    1573   4.706000E+00   2.138600E+01
    1574  -6.900000E+00   2.139200E+01
    1575   1.345000E+00   2.139900E+01
    1576  -1.639700E+01   2.140700E+01
    1577   2.954300E+01   2.141400E+01
    1578  -2.639800E+01   2.142300E+01
    1579   3.605000E+00   2.143100E+01
    1580   3.021000E+00   2.144000E+01
    1581  -2.390000E+00   2.144900E+01
    1582   2.339100E+01   2.145900E+01
    1583  -9.996000E+00   2.146900E+01
    1584  -9.799000E+00   2.147900E+01
    1585   1.940500E+01   2.149000E+01
    1586  -3.777700E+01   2.150200E+01
    1587   7.328000E+00   2.151300E+01
    1588  -1.758200E+01   2.152500E+01
    1589  -4.315700E+01   2.153800E+01
    1590  -2.677000E+01   2.155100E+01
    1591   8.558000E+00   2.156500E+01
    1592   6.870000E-01   2.157900E+01
    1593  -5.567900E+01   2.159300E+01
    1594  -3.375400E+01   2.160800E+01
    1595   2.223400E+01   2.162300E+01
    1596  -4.097000E+00   2.163900E+01
    1597   1.007500E+01   2.165500E+01
    1598  -2.818400E+01   2.167200E+01
    1599   2.241600E+01   2.168900E+01
    1600  -4.664100E+01   2.170700E+01
    1601  -1.991400E+01   2.172500E+01
    1602   4.143400E+01   2.174400E+01
    1603   1.767800E+01   2.176300E+01
    1604  -2.063000E+00   2.178300E+01
    1605  -3.993800E+01   2.180300E+01
    1606  -6.816000E+00   2.182400E+01
    1607   2.447300E+01   2.184500E+01
    1608  -4.611200E+01   2.186700E+01
    1609  -1.432100E+01   2.188900E+01
    1610   3.270000E-01   2.191100E+01
    1611  -2.465200E+01   2.193500E+01
    1612  -1.764100E+01   2.195800E+01
    1613  -1.990000E+00   2.198200E+01
    1614  -1.478000E+01   2.200700E+01
    1615  -1.889200E+01   2.203200E+01
    1616   2.387500E+01   2.205800E+01
    1617   2.233000E+00   2.208400E+01
    1618  -1.776500E+01   2.211100E+01
    1619  -1.908600E+01   2.213800E+01
    1620  -5.241700E+01   2.216600E+01
    1621  -3.991800E+01   2.219400E+01
    1622   3.725300E+01   2.222300E+01
    1623  -2.934000E+00   2.225200E+01
    1624  -1.714800E+01   2.228100E+01
    1625  -3.384100E+01   2.231100E+01
    1626  -4.069300E+01   2.234200E+01
    1627  -6.635000E+00   2.237300E+01
    1628   1.051700E+01   2.240500E+01
    1629  -2.145900E+01   2.243700E+01
    1630  -1.387800E+01   2.247000E+01
    1631  -1.874300E+01   2.250300E+01
    1632  -3.192600E+01   2.253600E+01
    1633  -7.301100E+01   2.257000E+01
    1634  -2.047200E+01   2.260500E+01
    1635  -1.995100E+01   2.263900E+01
    1636  -5.673700E+01   2.267500E+01
    1637  -1.452200E+01   2.271100E+01
    1638  -5.588000E+01   2.274700E+01
    1639  -4.456000E+00   2.278400E+01
    1640  -2.098900E+01   2.282100E+01
    1641  -5.998000E+01   2.285800E+01
    1642  -1.920100E+01   2.289700E+01
    1643  -3.813000E+01   2.293500E+01
    1644  -3.934700E+01   2.297400E+01
    1645  -5.773000E+01   2.301300E+01
    1646   1.905400E+01   2.305300E+01
    1647  -2.041900E+01   2.309300E+01
    1648  -2.367900E+01   2.313400E+01
    1649  -1.223200E+01   2.317500E+01
    1650  -6.529000E+00   2.321600E+01
    1651  -2.894400E+01   2.325800E+01
    1652  -4.122400E+01   2.330000E+01
    1653  -4.772200E+01   2.334200E+01
    1654   1.857000E+00   2.338500E+01
    1655  -7.780000E+00   2.342800E+01
    1656  -9.045000E+00   2.347200E+01
    1657  -4.139700E+01   2.351600E+01
    1658  -4.731200E+01   2.356000E+01
    1659  -4.958100E+01   2.360400E+01
    1660  -1.390900E+01   2.364900E+01
    1661  -1.134200E+01   2.369500E+01
    1662  -2.361900E+01   2.374000E+01
    1663  -4.197800E+01   2.378600E+01
    1664   9.306000E+00   2.383200E+01
    1665  -9.443000E+00   2.387900E+01
    1666  -2.623900E+01   2.392500E+01
    1667  -1.472800E+01   2.397200E+01
    1668  -1.903000E+01   2.402000E+01
    1669  -6.311600E+01   2.406700E+01
    1670  -3.350900E+01   2.411500E+01
    1671   4.140000E+00   2.416300E+01
    1672  -2.892800E+01   2.421200E+01
    1673  -3.742200E+01   2.426000E+01
    1674  -1.842400E+01   2.430900E+01
    1675  -1.473000E+00   2.435800E+01
    1676  -6.052900E+01   2.440800E+01
    1677   3.320300E+01   2.445700E+01
    1678  -4.915000E+01   2.450700E+01
    1679  -3.827200E+01   2.455700E+01
    1680  -4.083600E+01   2.460700E+01
    1681  -3.194800E+01   2.465800E+01
    1682  -1.286400E+01   2.470800E+01
    1683  -4.866700E+01   2.475900E+01
    1684  -3.746100E+01   2.481000E+01
    1685   5.040000E+00   2.486100E+01
    1686  -3.596400E+01   2.491300E+01
    1687  -7.659600E+01   2.496400E+01
    1688  -6.201500E+01   2.501600E+01
    1689  -2.919200E+01   2.506700E+01
    1690  -1.880800E+01   2.511900E+01
    1691  -2.155400E+01   2.517100E+01
    1692  -6.665600E+01   2.522400E+01
    1693  -3.424300E+01   2.527600E+01
    1694  -6.489700E+01   2.532800E+01
    1695  -4.622000E+00   2.538100E+01
    1696  -2.749000E+01   2.543400E+01
    1697   1.621000E+00   2.548600E+01
    1698  -5.689000E+00   2.553900E+01
    1699   6.776000E+00   2.559200E+01
    1700  -6.935800E+01   2.564500E+01
    1701  -5.370100E+01   2.569800E+01
    1702  -2.820100E+01   2.575100E+01
    1703  -5.423100E+01   2.580400E+01
    1704  -5.408000E+00   2.585800E+01
    1705  -1.053000E+01   2.591100E+01
    1706   2.338000E+00   2.596500E+01
    1707  -2.421100E+01   2.601800E+01
    1708   3.716000E+00   2.607100E+01
    1709  -1.287500E+01   2.612500E+01
    1710  -3.720000E+00   2.617900E+01
    1711  -4.092600E+01   2.623200E+01
    1712  -3.468100E+01   2.628600E+01
    1713  -4.207600E+01   2.633900E+01
    1714  -3.322200E+01   2.639300E+01
    1715  -5.475400E+01   2.644700E+01
    1716   6.890000E+00   2.650000E+01
    1717  -8.973900E+01   2.655400E+01
    1718   3.271000E+00   2.660800E+01
    1719  -6.948000E+00   2.666100E+01
    1720   5.707000E+00   2.671500E+01
    1721  -3.429700E+01   2.676900E+01
    1722  -2.184200E+01   2.682200E+01
    1723   2.472400E+01   2.687600E+01
    1724  -3.492100E+01   2.692900E+01
    1725   1.185600E+01   2.698300E+01
    1726   2.140400E+01   2.703600E+01
    1727  -4.098900E+01   2.709000E+01
    1728  -5.457700E+01   2.714300E+01
    1729  -3.709300E+01   2.719700E+01
    1730  -3.307300E+01   2.725000E+01
    1731  -7.010300E+01   2.730400E+01
    1732  -6.120500E+01   2.735700E+01
    1733  -2.525800E+01   2.741000E+01
    1734  -4.607900E+01   2.746300E+01
    1735   2.745800E+01   2.751600E+01
    1736  -6.407300E+01   2.756900E+01
    1737  -6.285300E+01   2.762200E+01
    1738  -2.976000E+01   2.767500E+01
    1739  -3.142400E+01   2.772800E+01
    1740  -2.611800E+01   2.778100E+01
    1741   9.120000E-01   2.783400E+01
    1742   6.431000E+00   2.788700E+01
    1743  -4.932400E+01   2.793900E+01
    1744  -3.083000E+01   2.799200E+01
    1745   1.462600E+01   2.804400E+01
    1746  -5.560700E+01   2.809700E+01
    1747  -2.922800E+01   2.814900E+01
    1748   8.665000E+00   2.820100E+01
    1749   1.433000E+00   2.825300E+01
    1750  -5.717500E+01   2.830500E+01
    1751  -8.010000E+00   2.835700E+01
    1752   2.310400E+01   2.840900E+01
    1753  -1.298300E+01   2.846100E+01
    1754  -1.865000E+00   2.851300E+01
    1755  -2.144200E+01   2.856500E+01
    1756  -4.428400E+01   2.861600E+01
    1757  -4.384700E+01   2.866800E+01
    1758  -8.290300E+01   2.871900E+01
    1759  -3.519400E+01   2.877100E+01
    1760   9.263000E+00   2.882200E+01
    1761  -2.447500E+01   2.887300E+01
    1762   1.514200E+01   2.892500E+01
    1763  -1.590900E+01   2.897600E+01
    1764  -6.345000E+00   2.902700E+01
    1765   2.390000E-01   2.907800E+01
    1766   1.334100E+01   2.912800E+01
    1767   1.971700E+01   2.917900E+01
    1768   3.027500E+01   2.923000E+01
    1769  -2.100900E+01   2.928100E+01
    1770  -7.239000E+00   2.933100E+01
    1771  -2.607600E+01   2.938200E+01
    1772  -6.087800E+01   2.943200E+01
    1773  -4.263000E+01   2.948300E+01
    1774   1.935400E+01   2.953300E+01
    1775  -4.380700E+01   2.958300E+01
    1776   2.461800E+01   2.963300E+01
    1777  -1.533000E+01   2.968300E+01
    1778  -7.141200E+01   2.973300E+01
    1779  -4.109200E+01   2.978400E+01
    1780  -1.488500E+01   2.983300E+01
    1781  -2.001700E+01   2.988300E+01
    1782   4.812900E+01   2.993300E+01
    1783  -5.621100E+01   2.998300E+01
    1784  -3.205200E+01   3.003300E+01
    1785  -2.672300E+01   3.008300E+01
    1786  -4.305000E+00   3.013200E+01
    1787   3.289000E+00   3.018200E+01
    1788   3.892900E+01   3.023200E+01
    1789  -1.890300E+01   3.028100E+01
    1790  -1.644900E+01   3.033100E+01
    1791   1.031800E+01   3.038100E+01
    1792  -3.223800E+01   3.043000E+01
    1793  -2.305200E+01   3.048000E+01
    1794   3.966400E+01   3.052900E+01
    1795  -8.642000E+00   3.057900E+01
    1796  -1.603500E+01   3.062800E+01
    1797  -5.966400E+01   3.067800E+01
    1798   1.671400E+01   3.072700E+01
    1799   8.633000E+00   3.077700E+01
    1800  -2.009200E+01   3.082700E+01
    1801   1.741600E+01   3.087600E+01
    1802  -1.072000E+00   3.092600E+01
    1803   3.254900E+01   3.097500E+01
    1804  -2.659400E+01   3.102500E+01
    1805  -7.890700E+01   3.107500E+01
    1806   5.088700E+01   3.112400E+01
    1807  -2.306100E+01   3.117400E+01
    1808  -5.375100E+01   3.122400E+01
    1809   1.177800E+01   3.127400E+01
    1810  -3.856200E+01   3.132300E+01
    1811   2.496400E+01   3.137300E+01
    1812  -2.832400E+01   3.142300E+01
    1813   4.229000E+00   3.147300E+01
    1814  -2.370000E-01   3.152300E+01
    1815   2.514700E+01   3.157400E+01
    1816   3.662900E+01   3.162400E+01
    1817  -3.084200E+01   3.167400E+01
    1818   2.241900E+01   3.172500E+01
    1819   1.771200E+01   3.177500E+01
    1820  -9.579000E+00   3.182600E+01
    1821  -1.158600E+01   3.187700E+01
    1822   1.172100E+01   3.192700E+01
    1823   4.385700E+01   3.197800E+01
    1824  -6.600000E-02   3.202900E+01
    1825  -4.235200E+01   3.208100E+01
    1826  -3.920400E+01   3.213200E+01
    1827   3.090100E+01   3.218300E+01
    1828  -1.504600E+01   3.223500E+01
    1829  -1.384900E+01   3.228700E+01
    1830  -8.240000E-01   3.233900E+01
    1831  -5.528600E+01   3.239100E+01
    1832   2.682000E+01   3.244300E+01
    1833  -2.953000E+00   3.249500E+01
    1834  -2.615000E+01   3.254800E+01
    1835   1.706800E+01   3.260000E+01
    1836   2.099700E+01   3.265300E+01
    1837   2.173000E+00   3.270600E+01
    1838  -1.079600E+01   3.276000E+01
    1839  -1.650100E+01   3.281300E+01
    1840   3.020700E+01   3.286700E+01
    1841  -9.059000E+00   3.292100E+01
    1842  -3.910900E+01   3.297500E+01
    1843  -3.375300E+01   3.302900E+01
    1844  -3.298500E+01   3.308300E+01
    1845  -2.202600E+01   3.313800E+01
    1846  -2.772800E+01   3.319300E+01
    1847   5.990400E+01   3.324800E+01
    1848  -5.325300E+01   3.330400E+01
    1849   1.796500E+01   3.335900E+01
    1850   1.506300E+01   3.341500E+01
    1851   5.162000E+00   3.347200E+01
    1852   1.154400E+01   3.352800E+01
    1853   3.335500E+01   3.358500E+01
    1854  -3.166200E+01   3.364200E+01
    1855   5.759100E+01   3.369900E+01
    1856   8.170000E-01   3.375700E+01
    1857   2.360500E+01   3.381500E+01
    1858  -6.435900E+01   3.387300E+01
    1859  -3.813800E+01   3.393100E+01
    1860   7.960400E+01   3.399000E+01
    1861   1.891200E+01   3.404900E+01
    1862  -5.061900E+01   3.410900E+01
    1863   9.222000E+00   3.416800E+01
    1864   5.588400E+01   3.422900E+01
    1865  -1.157500E+01   3.428900E+01
    1866  -3.511100E+01   3.435000E+01
    1867   3.105900E+01   3.441100E+01
    1868  -1.348400E+01   3.447200E+01
    1869  -3.430300E+01   3.453400E+01
    1870  -3.468700E+01   3.459600E+01
    1871  -5.602300E+01   3.465800E+01
    1872   2.243600E+01   3.472100E+01
    1873   4.548000E+01   3.478500E+01
    1874   4.436900E+01   3.484800E+01
    1875   1.148000E+00   3.491200E+01
    1876  -3.947000E+01   3.497600E+01
    1877  -7.210000E-01   3.504100E+01
    1878   8.388000E+00   3.510600E+01
    1879   2.966600E+01   3.517200E+01
    1880   1.420400E+01   3.523700E+01
    1881   2.740700E+01   3.530400E+01
    1882  -9.742000E+00   3.537000E+01
    1883   4.216100E+01   3.543700E+01
    1884   2.351700E+01   3.550500E+01
    1885  -6.845500E+01   3.557300E+01
    1886   4.830600E+01   3.564100E+01
    1887   2.662000E+01   3.571000E+01
    1888  -1.640100E+01   3.577900E+01
    1889  -9.520300E+01   3.584800E+01
    1890   4.731000E+00   3.591800E+01
    1891   2.288400E+01   3.598900E+01
    1892   4.714000E+00   3.606000E+01
    1893  -1.609700E+01   3.613100E+01
    1894   1.186000E+00   3.620300E+01
    1895  -1.949200E+01   3.627500E+01
    1896   1.925800E+01   3.634700E+01
    1897   1.463100E+01   3.642000E+01
    1898  -6.882000E+00   3.649400E+01
    1899  -4.074000E+01   3.656800E+01
    1900  -3.746800E+01   3.664200E+01
    1901   3.725800E+01   3.671700E+01
    1902  -2.879100E+01   3.679200E+01
    1903  -9.306600E+01   3.686800E+01
    1904   6.736700E+01   3.694400E+01
    1905   9.374800E+01   3.702100E+01
    1906  -5.862500E+01   3.709800E+01
    1907   2.043000E+00   3.717600E+01
    1908  -1.289210E+02   3.725400E+01
    1909  -1.877300E+01   3.733300E+01
    1910  -2.398000E+01   3.741200E+01
    1911  -2.549100E+01   3.749100E+01
    1912  -3.710400E+01   3.757100E+01
    1913  -3.125800E+01   3.765100E+01
    1914   7.522300E+01   3.773200E+01
    1915  -1.836900E+01   3.781400E+01
    1916   1.630600E+01   3.789600E+01
    1917  -3.758000E+01   3.797800E+01
    1918  -3.025300E+01   3.806100E+01
    1919  -1.711900E+01   3.814400E+01
    1920  -1.177600E+01   3.822800E+01
    1921   5.418000E+00   3.831200E+01
    1922   1.741900E+01   3.839700E+01
    1923  -7.304000E+00   3.848200E+01
    1924   4.424000E+00   3.856700E+01
    1925  -5.535400E+01   3.865400E+01
    1926   4.808600E+01   3.874000E+01
    1927  -1.021600E+01   3.882700E+01
    1928   4.025000E+00   3.891500E+01
    1929   3.058700E+01   3.900300E+01
    1930  -5.524600E+01   3.909100E+01
    1931  -4.654000E+01   3.918000E+01
    1932   7.205000E+00   3.927000E+01
    1933   3.644000E+01   3.935900E+01
    1934   4.360000E+01   3.945000E+01
    1935  -9.325000E+00   3.954100E+01
    1936  -4.617200E+01   3.963200E+01
    1937   3.738000E+01   3.972400E+01
    1938  -9.970000E-01   3.981600E+01
    1939  -1.514400E+01   3.990900E+01
    1940   7.916000E+00   4.000200E+01
    1941  -5.290800E+01   4.009500E+01
    1942  -1.838000E+00   4.018900E+01
    1943  -1.670100E+01   4.028400E+01
    1944  -4.215600E+01   4.037900E+01
    1945  -1.129000E+01   4.047400E+01
    1946   1.328600E+01   4.057000E+01
    1947   5.926100E+01   4.066700E+01
    1948  -2.883800E+01   4.076300E+01
    1949   1.941000E+01   4.086100E+01
    1950   8.823000E+00   4.095800E+01
    1951   7.421500E+01   4.105600E+01
    1952  -2.681900E+01   4.115500E+01
    1953  -2.610000E-01   4.125400E+01
    1954   3.221600E+01   4.135300E+01
    1955  -2.701200E+01   4.145300E+01
    1956   8.600000E-01   4.155300E+01
    1957   8.670000E+00   4.165400E+01
    1958  -9.961000E+00   4.175500E+01
    1959  -6.915000E+01   4.185700E+01
    1960  -2.304100E+01   4.195900E+01
    1961  -8.183200E+01   4.206100E+01
    1962   6.750000E+00   4.216400E+01
    1963  -5.162700E+01   4.226700E+01
    1964   1.785900E+01   4.237100E+01
    1965   2.989800E+01   4.247500E+01
    1966  -4.238700E+01   4.257900E+01
    1967  -4.875600E+01   4.268400E+01
    1968  -4.220900E+01   4.278900E+01
    1969   1.260000E-01   4.289500E+01
    1970   1.123200E+01   4.300100E+01
    1971  -3.663800E+01   4.310700E+01
    1972  -3.715700E+01   4.321400E+01
    1973  -6.411900E+01   4.332100E+01
    1974  -9.929600E+01   4.342900E+01
    1975   2.011500E+01   4.353700E+01
    1976   1.150500E+01   4.364500E+01
    1977  -6.103200E+01   4.375400E+01
    1978  -6.655600E+01   4.386300E+01
    1979  -4.303200E+01   4.397300E+01
    1980   4.256400E+01   4.408300E+01
    1981  -3.427000E+00   4.419300E+01
    1982  -4.153500E+01   4.430300E+01
    1983  -3.929600E+01   4.441400E+01
    1984  -6.586100E+01   4.452500E+01
    1985  -1.422300E+01   4.463700E+01
    1986   7.700000E-01   4.474900E+01
    1987   4.780900E+01   4.486100E+01
    1988  -3.160900E+01   4.497400E+01
    1989  -9.804000E+01   4.508700E+01
    1990   1.331400E+01   4.520100E+01
    1991  -3.737400E+01   4.531400E+01
    1992  -3.052700E+01   4.542800E+01
    1993  -5.978600E+01   4.554300E+01
    1994  -7.707200E+01   4.565800E+01
    1995  -1.077000E+00   4.579900E+01
    1996  -1.131490E+02   4.591500E+01
